/>of: 445 
ever,: 87 
better,: 342 
friend-boy: 346 
ever!: 85 87 88 
four: 244 336 537 561 
friend's: 42 43 87 187 189 217 225 240 355 358 387 407 408 411 495 533 534 540 614 
hating: 425 
scheming: 287 
better?: 197 
rekindle: 53 
(which: 135 
(it's: 206 
whose: 281 461 
(for: 147 
endings: 197 
tickle: 123 
outwit: 94 
under: 481 492 
sorry: 305 
worth: 98 195 341 533 543 
women's: 432 
robert's: 476 480 
every: 93 126 171 189 316 339 377 525 539 560 571 
evert: 284 
today,: 260 
bringing: 246 511 
flys: 553 
daughter's: 343 
ending;: 614 
skills: 323 
carrie: 582 
ending,: 404 500 
relationship!: 53 
delightfully: 530 
"don't: 478 
ups: 166 
triumph: 39 
relationship,: 591 
enjoy: 44 70 84 86 108 212 390 560 571 
lessen: 490 
me!: 88 
specially: 561 
tired: 236 
love(with: 114 
her!: 498 
weddings: 531 
1997,: 240 
quagmire,: 396 
her:: 60 
her?: 288 
others,: 120 
even: 35 39 42 185 192 194 211 213 291 305 311 315 317 323 340 406 420 446 476 479 480 510 523 535 
errors: 412 
hide: 393 
ruthless: 512 
hate: 82 484 486 487 488 
selected: 346 
revolves: 274 
near: 322 476 
'<br: 341 477 
lights: 239 
characters,: 276 
shy,: 582 
new: 25 61 85 87 273 495 613 
ever: 94 95 156 165 299 301 392 463 
told: 131 
jules': 376 
pats: 351 
hero: 556 
micheal: 124 
never: 82 163 178 188 236 318 418 465 
here: 50 423 592 
fairly: 386 582 
wedding,: 32 92 193 224 
enjoyable,where: 230 
active: 75 483 
wedding!: 225 
down!<p>she's: 82 
aren't: 257 
wedding': 411 
balance: 266 
daughter: 183 346 
leaves: 253 445 614 
&quot;muriel's: 530 
(julia: 87 285 309 360 503 577 
methods,and: 580 
soundtrack,: 193 
heartbreaker: 360 
i'm: 198 451 463 497 
glittering: 515 
criticism: 500 
reenters: 41 
pact,: 250 
'nothing: 480 
girls?: 73 
julia: 4 6 8 42 46 47 80 82 83 85 88 89 91 111 114 139 143 155 169 178 179 185 189 190 191 205 213 218 233 239 245 258 273 284 291 293 305 323 325 330 340 349 390 423 425 442 446 453 456 461 468 473 476 480 488 490 491 529 533 535 546 551 554 556 563 569 614 616 
feelings: 218 578 585 
visible: 31 
moral: 273 
total: 494 
plot: 61 93 193 244 257 274 569 
would: 5 134 161 162 178 202 250 299 385 458 488 529 577 
you&quot;): 144 
movie,: 64 74 78 79 134 162 225 236 288 312 473 477 483 488 582 
call: 16 162 251 336 504 
asset: 256 
50's: 135 
type: 367 
tell: 129 171 
backfired,: 24 
breathe: 61 
qucik,: 327 
kimmy,: 22 288 
successful: 241 413 434 
brings: 132 
naive: 318 
man"!<br: 6 
"i: 177 222 261 262 482 515 584 
warm: 75 
excellent: 65 155 161 227 266 294 345 405 
continual: 257 
kimmy(cameron: 228 
hold: 47 349 606 
off,: 185 
must: 187 208 219 325 393 518 588 
me: 48 52 62 129 134 185 192 261 301 305 377 465 486 567 571 572 
directorial: 532 
word: 175 
1997: 269 325 614 
work: 85 400 
worn: 268 
movies: 237 239 241 303 307 328 389 449 460 544 
ms: 113 115 394 
mr: 112 348 398 
elbow: 158 
my: 42 47 51 59 60 74 87 129 183 187 217 222 224 225 231 240 284 307 328 343 346 358 387 393 403 406 444 449 463 495 534 544 551 560 606 614 
example: 462 471 
give: 8 44 404 405 412 
&quot;i'll: 300 
laughs: 56 108 141 320 406 
walsh: 401 583 
want: 109 216 221 359 466 469 497 502 520 526 571 
dumb,: 176 
keep: 160 374 410 444 
unforgettable: 88 
end: 49 53 188 191 210 289 291 318 426 456 480 515 521 522 541 545 549 570 606 
turn: 202 339 506 578 
provide: 273 
returning: 507 
how: 61 80 82 131 167 196 202 222 269 298 337 348 360 382 500 604 
hot: 49 
writers: 256 
youth,: 582 
rewind: 562 
dignified: 582 
likable,: 425 
mess: 55 115 
earlier: 241 363 
wrong: 152 540 595 
laugh,: 84 158 
purchase: 283 
attempt: 32 396 
wins: 220 514 
childhood: 218 
upside: 142 
things: 115 206 476 585 609 
'coz: 329 
order: 171 288 
wind: 425 
heart-warming: 558 
com/gp/product/b000t4eti6">my: 408 
over: 52 87 182 191 204 219 231 236 259 329 414 483 553 572 
crowd-puller: 258 
down,: 19 
vastly: 565 
before: 81 251 293 480 486 562 577 578 611 
wickedly: 392 
fit: 205 
"say: 289 478 495 573 
opinion,all: 231 
blown: 467 
members,: 582 
,: 238 
writing: 467 578 
better: 42 85 120 224 
differently: 187 
"perfect": 274 
weeks: 251 578 
extravaganza"): 515 
pass: 492 
split: 375 
then: 28 34 152 158 202 208 222 224 238 246 250 335 340 368 472 524 547 563 565 
them: 5 37 129 131 419 427 
disastrously,: 49 
similar: 497 
downs: 166 
safe: 613 
break: 20 43 53 57 77 85 139 141 189 208 253 274 313 355 417 454 537 605 
young,: 478 
they: 5 22 57 87 95 170 209 221 222 249 250 289 300 311 364 373 375 415 450 482 492 505 577 599 
expect): 412 
but,: 144 
rental: 283 
bread: 263 282 529 
shadows: 492 
noble,: 93 
noticable: 201 
each: 5 94 162 163 187 250 396 427 474 492 505 577 
energetic,: 281 
went: 170 241 
mature,: 75 
meal: 12 
bone: 123 
mean: 188 406 
funny!!: 325 
independent: 362 
arrives: 87 
on,: 618 
we'd: 515 
stealing: 428 
flock: 259 
saturday: 53 
is:: 586 
julianne: 218 219 220 222 248 251 252 253 309 310 312 313 314 395 404 413 416 421 424 434 438 503 508 510 518 520 523 536 537 541 577 578 585 607 
god: 90 
caveman: 121 
hooked: 472 
couple's: 315 537 
george: 12 14 19 24 25 26 27 28 41 75 219 222 256 288 378 380 381 396 420 515 538 580 584 
is,: 50 129 257 272 539 
got: 2 80 222 476 591 592 
forth: 256 
`ditzy: 428 
/>if: 321 621 
turning: 142 517 
ghost,: 237 
aid,: 420 
city: 263 403 
harry: 582 
given: 488 
masterpiece: 11 38 
anti-heroine: 281 
wanted: 67 77 191 363 369 
morass: 396 
character's: 596 600 
incorporates: 281 
starts: 12 28 218 222 
gay,: 14 
days: 85 91 248 252 253 336 
outfits: 135 
group's: 262 
leaps: 506 
broken: 586 
(as: 486 
onto: 93 
i'll: 406 
movie!!!: 325 
characters: 61 149 295 436 491 576 582 
too!: 550 
another: 72 428 483 519 
)<p>a: 280 
wedding</a>),: 408 
yada,: 208 
too:: 264 
girly: 241 
top: 207 399 422 440 
her,: 256 396 
outstandingly: 119 
(everett): 538 
plentiful: 199 
needed: 171 
scene,: 57 585 
too: 95 103 114 201 225 415 421 425 469 542 555 
me,: 136 147 198 380 586 
role,: 213 
hollywood: 245 462 468 
sure,: 23 426 438 
serve: 582 
predictable: 159 448 
was,: 418 438 
somewhat: 200 617 
wardrobe: 388 
("i: 439 
begins: 158 
bosco: 401 582 
roles: 246 247 447 
elegant: 382 
wallace(the: 578 
scenes: 122 222 229 383 393 402 582 
matter: 28 
girl-: 90 
<br: 9 16 22 38 40 177 208 210 212 228 231 232 248 257 321 340 393 398 404 413 419 422 429 437 448 454 455 456 457 466 468 472 475 480 484 489 493 496 571 572 577 578 580 581 584 585 586 607 610 619 621 
silly: 53 
girl': 428 
devious: 107 
screenplay: 255 
bridge: 492 
sees: 25 396 
willingness: 614 
michael's: 418 516 
modern: 473 
mind: 107 167 586 607 
talking: 112 
well): 600 
corny: 424 
seen: 187 195 224 518 599 
seem: 577 
tells: 87 377 413 571 
praising: 113 
romantic,: 603 
genuine: 423 
humorous,: 69 
(mulroney),: 536 
thoroughly: 99 606 
latter: 466 
-: 239 246 254 257 262 390 486 495 497 503 504 507 513 515 526 537 
recommended: 281 352 
which,: 578 
amusing: 137 582 617 
<p>anyone: 156 
though: 35 95 406 
object: 432 
claims: 493 
assisting: 275 
don: 586 
mention,: 104 
m: 400 
(describing: 515 
definitely: 116 224 482 534 543 615 
entertaining: 194 
left: 361 
scream: 14 
came: 228 325 592 
saying: 89 158 
bomb: 302 
lyrics: 586 
random: 211 
brilliance: 265 
ending: 44 63 132 189 190 196 220 221 357 412 449 464 571 
attempts: 264 
subtle: 474 
enjoyed: 45 46 99 384 437 606 
die-hard: 533 
touches: 272 
just: 28 53 60 68 74 88 90 91 109 112 136 152 203 218 222 225 235 252 253 261 282 301 337 347 358 359 378 409 421 432 458 462 470 483 504 519 521 569 571 579 585 590 608 611 612 617 618 
quaint: 387 
situations: 404 
stanza: 586 
happen!!: 67 
announce: 252 
do: 39 55 70 85 132 247 261 314 317 338 359 441 478 508 513 531 537 
mixture: 38 
wallace,rachel: 582 
stop: 32 219 286 547 619 
da: 302 
meeting,: 515 
despite: 191 334 514 
nasty: 516 
later): 311 
bar: 478 
men,: 69 
twice: 305 
bad: 226 261 351 443 501 563 
them,: 603 
steal: 61 116 126 228 233 525 
broadcaster,: 577 
close-minded: 152 
decides: 44 286 365 366 536 
fair: 23 
new!: 593 
decided: 373 
imho: 471 
fail: 80 
best: 4 9 42 43 62 87 92 139 156 162 172 187 188 189 190 206 217 218 224 225 228 235 240 246 273 284 285 301 318 355 357 358 363 373 376 383 384 387 395 407 408 411 414 425 471 475 481 482 495 497 503 504 508 533 534 536 540 546 551 560 570 582 600 607 608 614 
subject: 594 
said: 120 180 186 531 
lots: 64 394 
away: 44 163 467 481 569 
there's: 246 
"on: 495 
side: 162 526 
screwball: 209 267 
men: 361 368 
wears: 25 
weak: 23 24 
/>i'm: 429 
restaraunt,: 584 
prayer&quot;: 527 
friendship': 335 
consists: 480 
picking: 195 
(roberts): 501 536 
faced: 121 
received: 327 
counselor: 275 
triggers: 609 
fault: 424 
has: 27 29 63 74 75 78 85 88 156 179 182 185 193 210 253 261 263 268 278 282 317 340 343 346 396 397 412 444 459 482 503 504 514 537 555 566 586 607 
against: 67 510 
him),: 571 
games: 405 
mildly: 275 
receives: 251 
faces: 400 
com: 277 
tough: 379 
relatable: 425 
sullivan: 582 
had: 5 27 30 66 107 124 156 178 190 361 364 366 370 380 415 488 556 575 577 593 
(including: 144 
path: 167 
'since: 476 
blonde: 536 
trust: 88 314 
wedding": 407 475 
speak: 449 
now,: 364 520 522 
have!!: 325 
strong: 609 
incomparable: 117 
asks: 288 
basis: 609 
three: 187 246 251 252 253 578 
been: 112 188 202 233 239 310 342 343 415 
legend: 245 
confident: 248 434 
much: 46 79 97 196 246 269 293 297 337 342 360 366 425 452 469 484 500 523 524 531 578 581 617 
interest: 178 444 465 
basic: 140 
expected: 2 67 366 418 530 
lovely: 69 
warmth: 428 
different<br: 456 
life: 35 50 61 142 147 210 348 500 503 571 
fleeting: 492 
recomend: 302 
contempory: 459 
kudos: 405 
cameron's: 596 604 
/>so: 472 
set";: 495 
(and: 94 135 146 270 529 
distorts: 200 
exception: 259 
definetly: 127 
dated,: 610 
ask?: 47 
comical,: 36 
tastes: 406 
evening: 98 407 
suppose: 202 
entertains: 192 
voice: 15 514 
rent: 238 
seven: 89 242 
over,: 95 588 
played: 43 294 395 551 608 
will,<br: 445 
character,: 148 395 476 487 
is: 0 1 4 6 7 8 11 14 15 16 17 18 20 21 23 26 27 30 31 32 35 36 38 39 40 41 42 43 44 54 56 61 63 71 73 78 80 85 88 89 91 96 114 116 118 119 121 122 138 139 146 148 151 152 154 158 159 165 168 169 174 175 178 181 185 188 193 195 196 200 203 206 210 213 215 217 218 219 220 221 222 230 231 234 235 239 243 244 245 251 252 256 257 258 260 262 263 265 271 277 284 286 287 288 290 301 304 307 308 317 319 322 323 324 328 331 334 335 336 339 340 343 349 353 357 358 360 362 366 367 369 378 381 382 386 392 395 404 411 413 414 416 423 424 428 434 436 438 439 440 446 453 461 462 464 473 479 483 489 491 496 499 500 501 503 509 511 512 517 519 524 525 527 528 531 534 536 540 542 543 544 546 551 552 553 554 555 556 557 559 564 565 566 569 570 573 575 578 582 588 594 595 598 600 603 606 607 610 
it: 11 14 27 30 39 40 44 49 58 66 67 68 84 85 88 97 102 107 114 130 131 132 136 137 139 150 151 152 158 162 164 166 167 168 170 172 179 182 187 194 202 204 206 207 214 221 236 239 241 242 244 257 262 266 268 269 272 277 282 297 301 304 305 308 317 325 326 329 333 342 343 345 352 371 374 379 387 392 403 404 406 412 421 430 438 444 445 451 458 460 463 464 465 466 469 471 493 513 525 526 529 531 535 549 551 552 553 555 557 565 566 571 572 573 574 587 589 590 591 592 600 603 605 606 611 614 
girls,: 69 
cant: 325 
bride</a>: 391 
exterior: 402 
in: 11 15 32 36 40 43 46 47 48 54 57 67 73 74 78 79 80 84 85 87 97 101 103 109 114 118 119 122 123 126 135 146 148 162 165 166 167 171 177 178 189 210 211 212 213 214 218 219 221 222 229 231 239 240 246 248 252 257 260 261 267 269 270 273 275 281 282 288 296 298 305 315 316 322 325 327 330 335 336 340 345 349 352 354 363 365 371 377 393 394 400 402 403 406 411 412 413 414 417 419 425 426 428 433 436 438 447 448 450 455 458 459 460 461 473 476 477 481 482 483 486 488 489 497 502 503 515 525 547 551 553 554 569 576 577 582 584 586 592 593 596 603 613 
shucks,: 340 
south,: 582 
said,: 486 
wedding,&quot;: 530 
if: 5 37 62 97 128 153 165 166 195 216 224 237 250 255 288 299 303 305 317 323 359 421 445 475 486 492 502 505 526 550 565 577 605 613 615 
film!!!: 325 
descent: 396 
heart,: 47 
rupertt: 535 
suggest: 134 
make: 9 11 26 37 116 150 155 172 206 219 238 288 315 317 340 393 412 425 515 533 580 615 
complex: 61 
usurping: 274 
unfortunate: 268 
several: 574 
screechingly: 122 
bid: 515 
meets: 92 
fuss: 213 
kimberely's: 261 
",: 377 
nupitals,: 43 
everett: 43 96 111 113 118 126 173 174 210 211 247 261 275 422 427 428 447 496 525 598 
evil: 82 88 424 
hand: 190 612 
movie-goers: 152 
kim: 92 93 94 337 434 
jealous: 26 288 511 580 
uninventive): 94 
kept: 298 472 
scenario: 578 
<p>julianne: 505 512 
contact: 365 
hearts: 233 586 
the: 2 3 4 6 7 9 11 12 14 15 18 20 21 28 29 32 33 39 40 43 44 47 49 50 53 60 61 63 67 78 85 87 91 92 94 95 96 97 100 105 114 117 118 119 120 123 125 128 130 131 132 135 138 140 141 142 144 145 146 147 148 149 150 154 156 159 160 161 162 166 170 171 173 175 178 188 190 191 192 193 195 196 197 199 200 206 207 208 210 211 213 215 218 219 220 221 222 224 230 231 233 235 239 240 241 243 244 246 247 250 253 254 255 256 257 259 260 262 263 264 266 267 268 269 272 274 275 276 278 285 286 287 288 290 291 292 295 296 298 300 301 303 304 309 312 313 315 316 318 319 320 322 324 327 329 330 331 334 335 336 338 339 340 346 348 350 351 352 357 360 364 367 369 372 380 383 384 385 386 388 389 392 395 396 397 401 402 403 404 405 406 408 410 412 413 415 417 418 419 423 424 425 426 427 428 431 432 436 438 439 440 441 445 446 450 452 454 455 456 458 459 460 465 466 467 470 476 478 479 480 481 482 483 486 487 488 489 490 492 493 495 497 500 502 504 507 508 511 514 517 518 521 522 524 527 528 530 533 536 537 540 541 547 549 551 554 555 556 557 561 562 563 569 570 571 573 575 576 578 580 581 582 584 585 586 591 592 593 596 604 606 609 610 612 613 614 618 
musical: 323 477 567 
kimmie: 274 
shadowed: 272 
opinions: 461 
she'll: 513 
proposed: 222 
downes(rupert: 580 
thanks: 52 
facts: 495 
yet: 191 224 
impending: 264 578 
divide: 600 
implies:: 340 
cornell: 586 
character: 93 146 155 277 340 355 424 425 428 461 480 497 551 554 555 569 595 600 602 604 607 
jules: 54 55 85 87 88 335 336 337 360 367 370 372 377 383 385 
easy: 10 85 
save: 144 211 
behind-the-scenes: 495 
photographed: 392 
ago,: 505 
features,: 64 
fact,: 101 315 
jealousy,: 208 
breaks: 527 
possible: 273 531 
destroy: 85 
highly: 322 352 
opinion,: 551 
apart: 249 415 
desire: 590 
patience: 25 
nude: 145 
jule,: 79 
hill,: 550 
split-up: 337 
right: 39 40 72 135 212 266 396 468 540 557 577 
old: 53 116 135 162 509 566 
watching!: 543 
crowd: 269 411 
people: 104 129 259 393 
begin: 158 
york,: 85 
guess: 319 
warwick's: 144 262 584 
ignore: 498 
humor: 97 154 423 458 579 
totaly: 213 
for: 8 9 21 24 41 52 53 82 90 91 92 95 112 125 144 152 156 161 164 165 170 175 177 191 193 198 218 222 224 238 257 272 274 281 291 300 304 305 322 344 351 366 371 377 380 389 396 405 407 411 412 417 439 440 444 456 460 475 482 488 490 492 493 495 496 508 529 540 565 569 578 585 586 588 591 608 609 614 
bottom: 614 
normal: 276 445 
ice: 145 282 584 
witty: 174 223 482 
everything: 8 43 74 81 115 167 348 419 478 503 
summoned: 273 
adorable: 177 569 
knew: 318 515 
mulroney's: 399 553 
/>aside: 398 
pose: 515 580 
irritatingly: 252 
protagonist: 221 
starring: 240 
told,: 414 
eye: 102 
gay),: 222 
super: 110 
costs: 518 590 
o'neal: 248 583 
dinner: 222 
plus: 483 
afternoon: 53 491 
/>some: 493 
efforts: 191 274 338 532 
slightly: 526 
nerve: 156 
difference;: 269 
dilemma: 503 
oh-so-tired: 614 
down: 25 142 158 333 363 494 511 
for?: 224 
`sidekick': 428 
support: 273 483 553 
flying: 92 
jealousy: 313 
fight: 95 385 501 
avail: 19 
stuck: 145 584 
joseph: 597 
editor: 12 118 396 
way: 60 93 100 166 219 316 
music: 170 211 483 586 
was: 47 48 49 51 53 65 77 102 105 107 135 170 171 186 259 260 267 269 296 297 299 309 318 320 327 329 344 346 356 368 371 377 379 380 385 397 403 418 431 435 438 451 456 458 462 465 466 467 468 470 471 472 569 590 591 592 593 597 604 605 
war: 97 
calm: 19 
head: 585 
documentary:: 495 
becoming: 142 
differences: 11 
somehow: 21 
talents: 110 
hear: 6 
true: 11 51 492 501 540 585 
groom,: 233 
inside: 158 
bargain: 283 
ruined: 164 
groom;: 401 
emotional: 82 
seafood: 584 
(along: 571 
classic: 181 459 468 
stronger: 315 
covers: 387 
guessed: 101 
promised: 577 
prayer: 125 144 177 300 478 482 
believable: 154 193 
shines: 260 273 
annoying: 136 
physical: 385 
song,: 492 
no: 19 22 82 245 261 303 335 593 
meanness: 579 
relax: 108 
when: 17 25 28 30 41 57 67 75 77 107 129 141 167 191 194 218 222 251 277 288 326 348 363 375 380 393 416 465 491 493 523 561 572 584 585 
reality: 132 
ny: 87 
interested: 411 436 
role: 62 117 118 210 240 246 260 349 392 580 
song:: 601 
(roberts: 18 
anyway,: 138 199 
roll: 612 
picture: 200 
intend: 43 
enjoyable,: 403 526 558 
surprise: 118 
convincing: 213 
let's: 23 144 
fell: 415 
notting: 212 321 550 
professional: 262 
helium-balloon: 479 
derail: 6 395 
younger: 401 546 
faster: 2 
marriage,: 208 553 
fetched,: 105 404 
together: 183 339 415 419 
(you: 407 
reception: 456 
time: 131 187 262 267 449 460 540 544 560 571 591 
serious: 30 201 363 
songs: 125 
wanting: 533 
impression: 21 74 
dance: 428 561 591 
skip: 621 
focus: 200 
film's: 244 257 404 581 
leads: 334 555 558 584 
manages: 94 410 525 
wistfully,: 515 
battle: 21 255 
chair: 158 264 
row: 305 
supposedly: 516 
depend: 97 
foe: 518 
father: 218 401 516 597 
finally: 340 344 380 396 516 585 
singing,: 282 
sexier,: 85 
&quot;ex&quot;boyfriend,: 107 
you're: 533 565 615 
seemingly: 95 252 
winning": 378 
feel-good: 540 
blast: 447 
married,: 139 250 556 
level: 428 
did: 48 144 233 330 394 400 406 444 450 
turns: 17 160 426 500 
brother: 401 
solved: 178 
hogan's: 532 
married;: 609 
loads: 56 488 
round: 276 
says: 369 
(according: 7 
be: 6 7 13 15 23 25 41 87 106 159 161 180 194 212 232 261 272 274 291 304 316 318 333 414 415 416 418 426 432 439 463 464 475 492 494 496 503 518 521 528 529 531 556 565 570 571 575 591 607 608 611 613 614 
mulroney): 4 114 218 248 285 309 395 504 
entertained: 410 565 
mulroney,: 43 535 
helpless: 203 
&quot;fools: 134 
though,: 427 
barbie: 509 
pleased: 3 
bizarre,: 276 
suspect: 314 
goes: 50 348 410 421 
falling: 114 413 
ground: 613 
friend/boyfriend: 363 
outlandishly: 617 
supporting: 400 447 
roles,: 400 
intelligent,: 482 
honour: 511 
afterwards,: 163 
point?<br: 24 
baseball: 385 
(aside: 424 
true): 486 
along: 57 253 582 609 
say,: 437 
wait: 366 492 
hbo: 495 
redemption: 480 
thirty: 413 
brilliant: 114 264 478 
second's: 129 
beautiful!: 598 
women: 613 
here,: 351 476 523 
usually: 31 375 
weird: 372 
doris: 515 
genuinely: 411 
teenage: 211 
love: 28 35 37 43 48 54 58 80 83 85 87 153 165 183 219 225 236 292 309 321 350 354 371 377 378 382 383 389 413 427 449 450 455 458 492 503 540 547 550 554 561 568 571 577 588 589 598 600 604 
griffiths: 582 
humour: 246 340 
movie?!!<p>it: 80 
uphill: 21 
peer: 582 
fake: 584 
"my: 407 475 
sympathetic: 174 523 554 
working: 235 
sake: 90 488 
ways,: 433 
sports: 577 
seen!: 301 
wonderfully: 150 
films: 212 390 393 463 
black: 526 
thru: 47 
angels: 596 
household: 613 
today: 269 
e-mail/falling: 264 
winning?"<br: 28 
'formula',: 445 
apparent: 92 
&quot;yep,: 162 
refrain: 208 
3-1/2: 280 
/><br: 16 22 24 28 34 37 38 40 177 208 210 212 248 257 261 321 340 341 393 398 404 413 419 422 429 437 448 466 468 472 475 477 480 484 489 493 496 607 610 614 619 621 
effort: 280 
`my: 411 
hopin'"): 173 
and,: 145 
wrong!: 297 
deserved: 464 
film,: 191 261 614 
car: 36 
originally: 196 
cute!: 89 330 
harmonious: 38 
values: 370 
can: 30 39 79 80 82 91 146 162 166 167 189 197 211 221 261 349 407 426 483 492 494 498 508 510 531 585 
big,: 279 
following: 614 
making: 471 495 523 607 
<p>this: 88 116 517 
slightest: 178 
heart: 51 75 126 233 358 
awesome: 125 
sense: 488 
didn't: 53 101 135 266 432 452 
mulroony): 546 
critic: 43 91 94 218 248 273 277 285 395 536 569 577 
allowed: 472 
provoke: 281 
cameron!!: 67 
occur: 584 
trustworthy: 283 
unwavering: 427 
means: 6 
write: 467 
future,: 406 
pure: 265 
product: 2 
meddler: 557 
may: 47 137 212 233 274 421 611 614 
unlikeable,as: 228 
sacrifice: 317 
fed: 483 
convincingly: 291 
date: 62 225 248 452 
such: 6 107 144 390 397 400 460 487 529 
guys: 194 
man: 8 29 35 61 74 85 191 253 317 501 
remember: 147 460 
different,: 272 
maybe: 136 438 463 519 520 531 589 590 
tale: 43 576 
inform: 312 416 
so: 51 72 73 83 91 97 128 189 190 209 219 221 272 297 305 324 332 355 366 396 424 449 462 473 522 527 555 592 598 602 603 605 
ny,: 278 
talk: 151 
typical: 11 232 445 
cute: 451 527 
acts: 176 473 
magnificiant: 213 
indeed: 105 
mainly: 214 
cruel,: 21 32 
course: 74 88 212 
cold: 95 
still: 35 98 192 221 242 246 279 305 410 505 610 
chickflick: 208 
group: 135 144 582 
wallace: 252 
he's: 126 149 430 455 481 482 507 
muses: 515 
did,: 101 
amazon's: 407 
amazing: 554 593 
maid: 511 580 
window: 348 
mulrooney),: 273 
main: 67 149 244 247 399 
happened: 325 
completly: 126 
right!: 88 
captivated: 329 
pushover: 487 
introduce: 252 
touching: 234 263 607 
half: 260 466 511 
not: 11 14 31 32 39 46 48 61 72 97 104 128 144 148 153 174 198 206 211 221 224 227 233 235 241 246 250 271 314 323 341 359 369 380 392 393 405 429 442 448 475 476 477 480 483 484 486 501 522 528 529 554 558 605 612 614 
now: 294 466 497 518 556 
1958: 586 
nor: 469 524 
decade,: 241 
name: 135 147 
underhanded,: 476 480 
ridiculous,: 410 
ensemble: 478 
bursts: 211 
realise: 519 
obviously,: 621 
kimmy: 17 77 79 287 369 385 509 514 518 521 546 
yeah: 88 
ex: 619 
girl: 78 114 135 459 508 
tried: 228 
bass': 255 
ultimately: 288 334 
looking: 75 104 281 558 
opener: 102 
reprehensible,: 557 
correct: 461 
shows: 166 167 196 348 
making-of:: 495 
after: 37 85 192 241 249 470 529 580 
david"<p>at: 267 
dermont: 43 
kimberly,: 397 
quite: 215 229 246 281 372 
you?!: 85 
care: 553 
patronage: 78 
cooler,: 85 
happening,: 286 
selections: 351 
honest: 96 427 463 
thing: 27 43 47 72 135 167 189 436 441 497 557 569 
funky: 243 
place: 231 252 600 
invitation: 18 
unborn: 488 
profess: 492 
think: 44 130 152 159 172 220 374 438 611 
first: 131 185 326 460 515 
constantly: 264 
reveals: 585 
potter: 54 503 577 607 
yourself: 238 
long: 267 
release,: 267 
sounds: 176 
kimberly's: 222 
travail: 553 
julianne,: 218 222 476 511 580 
little: 125 144 177 222 228 262 289 300 420 463 478 482 495 527 561 573 584 
necessarily: 501 
date-movies: 207 
caught: 466 
anyone: 134 151 322 411 
outing: 584 
tragic: 36 
escort: 346 
friend: 4 12 25 43 54 87 139 146 156 172 188 190 228 256 275 285 288 318 376 395 396 414 420 453 481 503 546 551 552 570 607 
gives: 397 523 582 
much!: 555 
eyes: 393 492 
hug: 492 
mostly: 617 
that: 1 4 5 11 14 17 21 22 23 24 27 30 32 35 37 39 49 67 74 82 87 123 135 148 149 151 152 156 158 178 182 187 188 189 190 200 206 207 222 238 250 251 253 257 260 268 271 278 281 284 286 303 307 319 331 336 340 355 368 374 375 389 393 394 397 415 416 421 424 438 439 443 450 455 460 461 464 465 468 472 477 485 492 497 503 505 510 511 519 526 531 555 556 557 562 577 592 593 600 601 605 609 
<p>his: 509 
meddling: 315 556 557 
snatch: 556 
released: 465 
commendable: 614 
copy: 344 533 613 
than: 2 35 39 42 74 85 113 190 208 210 224 269 274 488 579 
boyfriend: 90 
10: 49 325 
television: 466 
irritated,: 77 
unfortunately: 614 
rival: 92 
showcase: 490 
future: 245 322 352 
witty,: 75 
were: 131 250 269 388 402 415 505 577 599 
outcome: 160 192 
dissapointed: 232 
sublime: 410 
and: 6 8 9 12 22 23 24 30 32 35 38 39 41 43 44 49 51 53 56 58 60 66 67 69 72 75 77 78 82 83 84 85 86 87 88 92 93 94 108 111 112 114 115 116 119 124 126 131 134 141 142 148 150 154 155 158 160 162 163 166 167 173 174 177 182 183 186 187 190 193 199 200 203 204 205 207 208 209 210 213 219 222 234 236 239 241 243 247 249 252 253 256 257 259 260 263 266 272 273 274 275 278 281 282 284 286 287 288 299 303 309 310 311 312 313 314 320 325 327 329 331 335 336 337 343 345 346 348 349 352 355 361 362 367 370 372 382 385 387 388 392 393 396 397 401 404 405 410 411 412 418 419 422 423 425 426 427 428 434 436 439 442 444 445 447 448 451 456 458 460 461 462 464 466 467 474 478 482 483 486 492 495 502 503 505 506 508 509 511 513 514 516 518 519 522 526 531 533 535 537 547 553 554 556 557 558 561 563 565 566 569 570 571 572 573 575 577 578 579 580 582 584 585 587 588 591 595 599 600 603 606 610 613 616 618 619 
fortunately,: 150 
preston: 582 
turned: 363 
alley: 212 
sad: 66 303 304 497 
end): 438 
say: 33 67 74 125 144 157 162 177 206 222 262 271 300 336 423 477 482 497 527 584 
suspense: 298 
buried: 80 
foiled: 264 288 
breakfast: 289 
saw: 130 326 465 
any: 1 74 148 206 440 520 554 613 
formula,: 614 
invite: 312 
unsuitable: 7 
aside: 193 
shocked: 6 
butt!: 124 
terrific: 599 
take: 342 369 483 565 
performance: 51 261 262 523 
/>dont: 232 
topping: 246 
sure: 233 238 
opposite: 156 
thing--but: 501 
keeps: 255 522 
falls: 456 
down!<p>oh: 83 
forever: 255 310 373 
especially: 119 422 
surprising: 541 
boys: 211 
touchy: 83 
trembles: 82 
later: 242 
not!: 88 
not,: 8 
rating: 463 
loyally,: 396 
shot: 402 
show: 275 460 
friction: 580 
everett)to: 580 
unfortunately,: 595 
tend: 393 
promptly: 345 
realizing: 578 
behind: 584 
only: 32 78 96 124 135 146 173 174 175 197 200 210 253 256 262 396 415 418 419 451 463 526 537 580 585 
going: 47 116 159 170 296 299 374 506 
enriched: 290 
guile,: 94 
seen,: 496 
friend/ex-boyfriend,: 504 
viewpoint: 189 190 
get: 16 21 81 85 162 166 167 191 208 219 221 224 236 251 287 299 332 339 344 363 365 369 453 483 501 513 613 
far-fetched,: 257 
truly: 177 218 330 421 455 467 
cannot: 359 
neither: 5 311 577 
gem: 428 
prime: 428 
dianne: 262 
sharp-witted: 411 
jokes: 97 
`singing: 428 
predicted: 296 
friends!: 90 
backfiring: 274 
where: 39 145 300 383 393 478 482 519 527 571 577 
husband: 515 
reallymakes: 549 
extra-super-nice: 511 
honesty: 460 
seas: 52 
(this: 36 
college: 218 248 335 577 578 
prayer",: 222 584 
paced,: 104 
concern: 281 
satisfying: 614 
friendship&quot;: 164 
review: 86 267 277 467 
definite: 591 
superb!: 222 
blast,: 63 
ages,: 460 
enough: 160 432 497 
between: 115 266 275 287 385 419 490 580 
man,: 421 601 
across: 228 493 
notice: 273 
confronting,: 97 
messed: 262 
screen: 239 349 403 
fast-talking: 248 
honest,: 51 
countenance: 116 
jealous,: 515 
comeback: 240 
come: 141 272 585 
motivations: 281 
reaction: 609 
superstar: 260 
many: 257 261 263 272 352 361 403 460 608 
real-life: 499 
personal: 406 
amateurs: 262 
off-key,: 478 
dated: 311 361 
way,: 94 
comes: 39 87 144 194 376 420 581 
spoil: 469 
learning: 35 
runaway: 237 321 
want,: 39 
unusual: 342 
orientated: 459 
cares: 29 
acting,: 38 193 
reflective: 501 
featuring: 617 
hardly: 489 
hilarity: 262 
wants: 139 605 607 
direction: 578 
fickle: 492 
friend&quot;,: 162 
actor's: 147 
spunky,: 427 
rooftops: 14 
dramatic: 397 
wake: 34 
careful: 106 
former: 16 273 403 546 
those: 73 152 281 485 490 494 
sound: 85 
myself: 194 261 472 
isabelle: 582 
these: 432 
cast: 222 235 290 329 351 410 533 535 581 
)<br: 34 37 
clich&eacute;s: 257 
taking: 252 491 
breeze-light: 206 
person!: 554 
twists: 160 
engaged: 26 222 288 416 
pathetic,and: 228 
couples: 375 
someone: 37 48 54 80 311 359 571 591 
(i'm: 89 
&quot;singing&quot;: 105 
<p>so: 86 
different: 196 
(who: 395 
harsh: 463 
rooting: 291 
pay: 612 
same: 47 502 
uninteresting,: 148 
you,": 177 
spot-on: 257 
(rupert: 87 219 256 288 396 503 
closest: 420 
devours: 428 
couple,: 580 
driven: 80 
favorites: 59 
cheery: 485 
totally: 67 
vowed: 505 
theater: 130 269 
engaging,: 411 
pacing: 489 
wedge: 287 
twenty-eight,: 364 
without: 94 129 281 325 614 
can't: 37 57 124 135 147 460 555 
being: 14 53 97 111 206 211 281 463 
generally: 618 
actress: 185 
job!!: 450 
(i: 319 438 466 483 600 
kill: 167 
self-centeredness: 576 
announcement: 609 
extent,: 256 
clueless: 93 
credits,: 486 
thinking: 301 331 
everyone's: 142 
seems: 76 95 257 274 315 316 318 419 
except: 82 149 177 222 
kimberly: 218 252 309 314 316 578 580 585 
lets: 488 
4: 280 
answermachine: 504 
(pretending: 26 
real: 41 92 288 433 482 500 607 
around: 158 274 426 462 514 
easily: 262 266 
shearer: 582 
sums: 476 
gonna: 87 
camron: 325 
darn: 158 
world: 259 
granted,: 189 
serves: 609 
facing: 529 
audience: 492 514 
woman': 350 
either: 14 227 254 
woman,: 218 546 
passionate: 335 
blonde,: 274 
doll: 509 
dice,: 612 
respect: 374 
thinks: 177 
alternates: 275 
passions: 35 39 
squirm: 393 
slick: 243 
crueler: 94 
provides: 399 
clear-cut: 522 
power: 43 419 
nails: 28 
kleenex: 109 
notably: 264 
credits: 135 173 478 486 
despicable: 191 
bridesmaids,: 582 
giggle: 116 
stone: 121 
ok: 340 609 
package: 118 
of: 5 6 9 14 15 28 38 40 43 46 56 59 60 61 64 74 80 85 86 87 88 89 94 98 100 101 114 117 118 120 125 131 135 144 145 146 147 148 149 156 166 171 177 186 193 196 197 200 206 211 212 222 233 236 237 239 241 244 245 246 250 256 257 261 262 266 267 268 276 281 282 292 293 303 307 309 312 318 319 320 325 328 331 334 348 360 367 374 384 393 394 395 397 399 400 401 402 403 404 413 414 424 427 428 429 432 435 440 442 444 445 449 457 460 462 463 466 467 468 471 477 478 480 482 485 488 493 495 501 504 511 513 517 524 526 530 531 537 539 544 551 555 563 565 575 576 578 579 580 581 582 584 586 599 602 606 607 609 613 615 617 
favorite: 60 129 222 307 328 343 403 449 534 544 
out?: 202 
stand: 446 
decent: 193 448 
mixed: 548 
intent: 404 
&quot;just: 152 
or: 21 28 90 152 157 162 188 207 211 212 216 254 283 321 322 359 378 392 408 440 533 614 
bitty: 231 
burning: 83 
lastly: 580 
your: 11 90 116 126 152 158 162 172 212 303 407 485 612 613 615 
empathetic: 582 
rewarding: 614 
her: 4 8 12 16 21 24 25 29 34 35 37 41 43 46 54 62 80 81 82 83 87 88 89 92 93 94 97 139 145 177 186 189 190 191 213 218 219 228 239 246 251 255 259 260 273 275 285 288 291 312 314 317 318 323 336 338 343 344 346 349 355 363 366 371 395 396 397 414 418 419 420 423 424 425 428 440 455 461 488 501 503 504 508 510 511 515 523 536 537 546 552 553 555 556 569 578 580 584 585 600 607 608 
there: 6 23 31 35 40 41 160 191 209 229 257 288 400 426 477 500 567 575 577 617 
suposed: 304 
start: 34 
lot: 71 85 374 439 513 565 617 
kind-of: 499 
"dumb: 175 
downes: 256 
pretends: 288 580 
you,: 37 
weddding: 217 
complete: 38 
groan: 393 
you": 482 
you!: 304 
trying: 580 
with: 3 12 27 38 43 48 54 59 77 82 85 87 90 91 106 107 117 135 142 144 170 185 189 190 191 218 219 223 230 240 251 257 261 262 269 281 282 313 342 349 365 370 372 377 393 399 404 405 407 414 416 417 424 428 448 449 455 464 468 478 489 508 511 515 521 524 529 535 537 547 548 556 558 571 576 578 582 
buying: 302 611 
handsome: 69 346 
rush: 134 
flamboyant: 144 
romantic: 16 42 44 45 60 69 80 203 206 234 240 257 281 284 292 308 322 342 353 411 441 445 458 459 475 499 503 519 540 614 615 621 
wasn't: 293 443 461 589 
star,: 440 
deadline,: 251 
sadness: 40 
agree: 576 
affection: 370 553 
years!!!): 89 
life--which: 501 
required: 503 
pity,: 342 
include:: 495 
planner,: 212 
certain: 40 256 258 
defences: 511 
moved: 249 
deep: 158 387 
bride-to-be: 188 190 
as: 4 37 93 96 97 121 144 155 190 194 198 218 228 273 275 277 295 327 342 350 390 394 397 400 401 403 407 416 418 448 452 459 463 480 481 482 492 515 518 524 557 564 570 580 582 585 607 609 
words,: 281 
at: 49 97 124 130 148 215 218 235 238 257 273 278 289 300 312 323 337 339 385 440 456 471 480 505 514 518 540 541 549 584 590 591 604 
watched: 107 268 329 460 574 606 
film: 67 146 150 151 152 153 159 161 171 189 193 196 218 221 226 229 231 235 241 246 256 257 260 261 263 265 281 334 338 340 386 392 394 397 399 405 406 407 409 413 424 427 436 443 459 462 464 475 534 535 542 543 586 603 
incorrect: 277 
again: 84 182 329 458 
back,: 108 219 537 
comedies: 267 322 475 
field: 385 
5: 85 214 457 
stumbles: 585 
call,: 507 
you: 1 28 37 47 57 62 82 84 88 106 112 116 123 124 127 131 133 152 155 158 159 160 162 163 165 166 172 182 195 212 216 224 232 237 238 245 257 291 298 321 331 359 378 410 412 424 445 464 475 486 488 502 526 549 550 565 571 572 605 611 613 621 
forcing: 94 
scratches,: 593 
oh,: 109 
separate: 595 
scene),: 573 
fresh: 266 
chris: 401 582 
"best": 346 
calls: 24 312 396 416 
wife: 606 
groom: 188 190 191 274 
mask: 246 
light-hearted,: 257 
directors: 262 
once: 415 611 
resolution: 585 
original: 61 196 392 528 
all: 6 8 92 161 213 253 259 282 334 399 422 443 449 450 482 511 518 544 555 570 590 601 
forget: 144 424 
caused: 29 
lack: 149 
movies,: 60 259 485 
devoted,: 434 
(if: 6 31 311 
cameron: 7 43 88 177 186 189 191 205 213 216 246 260 284 350 356 397 447 462 478 486 533 535 564 578 616 619 
follow: 445 
expressions: 83 474 
revealed: 323 
really!: 306 
to: 6 7 8 10 13 15 16 17 18 19 20 22 23 25 26 28 29 32 33 34 35 39 41 43 44 47 48 52 53 54 55 59 61 62 67 73 74 75 77 78 80 81 82 85 87 91 92 93 94 95 96 100 104 109 115 116 128 132 134 139 141 144 145 148 152 158 159 160 167 171 172 173 180 185 186 188 189 191 194 202 216 218 219 221 222 228 233 241 246 248 251 252 253 256 259 261 264 271 272 273 274 276 278 280 286 287 288 296 299 303 304 307 311 312 313 315 316 317 318 333 335 336 337 338 340 344 355 363 365 366 368 369 371 373 374 376 380 383 385 393 395 397 403 404 407 410 415 416 417 418 419 420 421 423 424 425 428 432 440 447 449 453 454 458 463 466 469 472 474 477 478 483 484 490 492 496 497 501 502 503 504 505 506 507 508 511 513 514 515 516 520 521 525 526 528 531 533 536 537 539 541 545 546 547 553 554 555 556 565 569 570 571 575 576 578 580 585 586 590 591 592 595 600 605 606 607 608 610 611 614 619 620 
smile: 116 124 239 260 485 567 
norm: 614 
although,: 582 
earlier,: 246 
case: 109 212 
woman: 42 59 80 188 218 413 556 601 
everyone,: 475 
song: 57 135 222 561 586 
very: 3 53 76 104 105 201 213 223 230 231 304 318 345 410 477 485 523 526 536 541 542 545 554 555 566 573 606 613 614 
"he: 377 
bombarded: 97 
julianne's: 256 264 315 501 578 591 
fan: 46 237 239 293 393 429 440 442 451 615 
decide: 188 197 
fall: 85 219 
awful: 177 
college,: 363 
condition: 327 345 
sentimental: 370 
--: 208 
list: 207 343 615 
weak,: 148 
hogan: 579 
along,: 27 
small: 335 
flick: 193 459 465 472 
employing: 580 
href="http://www: 390 407 
throughly: 44 
rate: 457 
kim,: 418 419 536 
dancing,: 282 
functioning: 275 
answer!: 541 
chuckle: 533 
bass: 578 
conscience: 34 275 
90s: 389 
what: 24 39 67 101 103 128 129 166 170 188 206 221 224 261 270 296 299 318 331 478 508 554 565 607 611 
hesitation: 129 
julia's: 51 118 355 481 595 600 602 
?)<p>this: 271 
emotions: 80 
him,: 28 208 369 454 
funny);: 495 
diaz: 7 88 115 122 177 186 213 246 260 323 325 350 356 397 422 427 428 447 462 478 486 533 564 616 619 
public: 370 
him!: 218 
full: 320 
<p>the: 533 
loose: 375 
hours: 502 
mulroney: 95 121 155 247 284 349 429 451 490 524 551 570 608 
title:: 267 
bombshell: 507 
tragedy: 38 
maybe,: 521 
pick: 150 170 572 
action: 369 
sweetness: 97 
via: 407 
family: 9 184 222 536 
suddenly: 416 
put: 190 256 287 485 
armed: 508 
story,: 38 
/>while: 40 404 
always): 31 
flaws: 30 
takes: 141 317 374 428 513 
always,: 273 
two: 73 110 124 197 247 415 432 502 
resident: 403 
(male): 273 
sunniness: 95 
minor: 438 
more: 35 39 74 185 190 257 270 274 352 385 418 436 488 520 530 535 584 590 
flat: 32 266 
flaw: 146 510 
knows: 202 
go,: 287 
edge,: 255 
problem: 61 200 454 607 
juliette: 285 286 287 288 
excuse: 82 
basically: 367 465 
broke: 249 359 
known: 464 608 
pretense: 206 
karaoke: 177 478 514 
glad: 53 355 557 
keeping: 92 
hour: 511 
recall: 135 
nine: 249 377 414 
learn: 541 
mandy: 582 
&quot;gosh: 158 
male: 175 247 558 
spontaneous: 434 
beautiful: 69 185 213 273 281 434 
challenging: 392 
stated: 278 
lovliness,: 461 
share: 491 492 
terrible: 514 
sunny: 578 
(george: 13 222 
purchased: 593 
plan!: 88 
plan,: 620 
scar: 148 
huge: 333 451 503 
needs: 180 416 
awkward: 582 
terribly: 476 480 
rather: 113 579 
breaking: 193 211 358 462 508 
hugh: 261 
glowing: 260 
explains: 360 
stone-aged: 121 
&quot;my: 533 
plans: 24 94 288 291 313 
funny,: 104 154 324 439 603 
advice: 585 
funny!: 605 
soundtrack: 64 
tries: 6 19 25 43 81 383 395 454 514 547 556 578 595 
auto--or: 529 
backyard: 103 
concentrating: 113 
'comedy': 206 
a: 0 5 6 10 11 12 16 21 22 25 31 32 36 38 40 41 43 44 46 49 53 61 63 67 71 74 76 80 83 85 88 91 95 105 107 109 114 116 117 118 121 123 125 129 135 143 144 145 146 150 151 156 158 164 166 168 177 178 181 184 193 200 202 203 206 210 211 217 218 219 221 222 223 226 227 228 229 231 232 237 239 240 245 248 250 251 256 257 258 262 267 268 269 271 273 276 277 281 282 283 284 285 287 288 289 290 292 293 300 304 305 306 311 330 333 335 336 340 342 344 347 351 353 360 374 393 396 397 399 400 401 403 404 407 411 412 413 423 428 429 435 436 439 442 444 447 448 449 450 451 453 456 457 458 459 461 462 463 464 465 467 468 472 473 478 482 485 487 489 490 491 492 493 494 495 496 497 499 501 503 504 506 508 510 513 514 515 516 523 527 529 533 536 546 548 559 561 562 563 565 569 572 573 576 577 578 580 582 584 585 586 590 594 595 599 606 607 608 609 610 613 614 615 617 620 
contrived: 209 
/>she: 6 
short: 253 273 
susan: 582 
loud: 155 257 529 
do's: 495 
): 14 19 27 148 320 
(although: 569 
music,: 282 
hilarious,and: 330 
playing: 405 563 
that's: 140 162 254 297 340 412 430 
help: 24 57 124 219 256 376 420 425 537 
don't: 68 74 79 103 133 145 213 261 332 438 441 469 520 523 621 
annoyingly: 369 
soon: 17 536 
superb,: 154 
isnt: 226 
already: 346 
through: 260 291 396 491 
replies: 378 
smiling: 257 
memobrable: 261 
charisma:: 75 
features: 195 199 
romance: 53 281 468 548 
comedic: 256 265 396 397 428 
20: 509 566 
figuring: 379 
28: 250 505 
course,: 245 539 
actually: 44 94 220 269 541 
late: 103 114 
resort: 94 
everett)the: 87 
might: 68 109 149 412 
haven't: 195 
it,: 68 190 450 556 569 
good: 12 44 53 75 90 104 168 169 170 174 193 199 213 221 229 257 269 271 306 320 323 330 334 340 353 356 404 406 407 436 444 448 558 611 
somebody: 131 507 
genuinley: 460 
food: 43 218 248 273 277 285 395 536 569 577 
gook: 211 
noticing: 269 
it!: 90 151 458 621 
great!: 88 
complain: 555 
mystery: 178 
desperately: 24 
always: 39 51 85 133 239 369 423 461 464 578 590 
all,: 67 123 148 448 
all): 466 
dionne: 144 584 
found: 136 311 333 387 424 
repeating: 182 
friendship: 603 
isn't: 85 206 213 421 463 475 519 551 600 617 
movie,and: 330 
everyone: 44 158 177 222 527 571 584 605 
restless: 367 
p: 531 578 582 
parts,: 438 
hard: 241 371 533 
slowdown: 489 
engaging: 610 
expect: 232 
thoughtfully: 396 
beyond: 39 
really: 28 29 75 135 158 168 169 188 213 222 302 318 330 331 337 341 353 429 431 437 439 483 569 592 601 
/>it: 231 466 
anxious: 186 
nuptials--a: 578 
lovers: 415 
missed: 475 
item: 327 592 
robert: 453 
since: 89 249 325 343 366 397 
despicable,: 476 480 
acting: 154 446 575 
hill: 212 321 
7: 130 
romantic-comedy: 217 
earns: 426 
blue,: 504 
pathetic: 557 
favored: 189 190 
missteps,: 412 
story: 69 154 171 215 285 309 324 329 413 483 557 584 
hepburn: 473 
reason: 15 22 297 
members: 9 
imagine: 533 
ask: 62 129 222 
beginning: 296 312 360 545 561 
guy: 67 76 91 95 178 453 563 608 
thrown: 93 416 
director: 272 530 
other&quot;,: 152 
service: 407 
played,: 392 
success: 397 
lover!: 82 
fallen: 95 165 266 
throws: 94 
embraces: 580 
engagement: 578 
rooted: 191 
feel: 72 74 75 82 209 305 
girls: 561 
loved!: 85 
(dermott: 4 546 
feet: 481 
sympathy: 281 
humourous: 105 
album:: 495 
done: 386 458 476 591 
minutes,: 580 
line:<br: 614 
slower: 587 
clich&eacute;: 482 
miss: 145 
&quot;george&quot;: 112 
well,: 508 531 
passes: 492 
unexplained: 73 
": 176 262 479 
script: 223 425 439 522 
least: 33 238 423 591 
thing!<br: 261 
wonderful: 144 272 478 603 
day-rock: 515 
steals: 51 96 126 275 481 
scheme: 94 275 539 
micheal,: 54 
pseudo-romantic: 340 
gleefully: 396 
bride's: 401 582 
relationship: 6 24 30 85 315 363 364 372 374 419 511 
convinces: 515 
part: 193 294 300 335 351 380 483 562 588 
man-to-be: 582 
immediately,: 313 
$7: 612 
believe: 325 
grace: 340 
kind: 303 331 435 460 607 
determines: 337 
elegant,: 482 
bitter: 449 
bride: 7 82 142 397 401 
karoke: 261 
determined: 20 
marriage: 78 141 228 253 366 
supposed: 128 424 
remembers: 505 
hair,: 487 503 
phobic: 4 
phobia: 335 
engagement,: 584 
<p>ms: 117 
part,: 380 
urgently: 504 
fights: 35 
ages: 161 
<p>my: 540 
measure!: 257 
blissful: 412 
aged: 566 
lie: 28 29 
hopelessly: 219 
built: 257 
/>only: 34 37 
well-chosen: 581 
also: 40 43 190 247 262 298 300 304 318 356 397 400 488 582 598 604 
internal: 82 
build: 469 
performance,: 399 
showcases: 110 
order,: 40 
20-year-old: 578 
most: 100 101 128 193 241 257 264 392 402 444 448 477 582 606 
&quot;i: 125 144 527 
charm: 74 144 461 
plan: 25 314 417 
significant: 152 
nothing: 180 201 244 476 
extremely: 555 
ditzy: 260 
funnier: 85 
performances: 334 384 399 405 412 422 427 467 
clear: 27 462 
/>roberts: 16 24 28 619 
cover: 493 
storyline: 410 
freshest,: 267 
notch: 399 
blend: 281 
joining: 222 
pizzazz: 515 
juliann: 100 
acerbic: 91 
juliana: 547 
wasted: 556 
&quot;best: 155 
carefully: 483 
roberts): 87 360 503 577 
find: 21 137 156 194 219 268 372 409 432 472 571 
impact: 420 
with,: 97 
actresses/actors: 450 
justice: 247 
nervous: 131 
ruin: 419 
writer: 272 
waiting: 224 
am!: 294 
with;: 188 
his: 25 55 77 78 82 148 149 188 190 228 252 273 274 287 312 349 383 384 420 428 507 553 556 578 599 600 609 
triangle: 309 
brink: 114 
feels: 326 
actions: 21 37 281 
theft: 529 
charmingly: 346 
during: 191 235 584 
him: 78 189 190 191 286 366 377 378 421 432 436 504 537 556 571 600 
catches: 433 
frankly: 372 
mulroney),: 87 
cry: 84 301 303 305 502 549 571 
remove: 602 
commedy: 80 
river: 491 
madonna,: 498 
approaching: 413 
dump: 67 
heck,: 479 
sex: 156 
plausible: 128 
see: 30 39 79 82 127 146 152 162 186 216 221 241 259 385 403 407 466 472 488 492 497 508 526 541 592 611 
dumb: 176 177 
are: 21 22 83 87 125 152 155 158 160 173 191 197 199 206 209 224 229 237 247 264 272 288 323 325 331 400 422 424 428 433 447 450 477 478 490 492 493 561 567 577 582 616 
seeing--once!: 533 
tender: 490 
close: 47 109 396 415 
arm: 158 
learns: 369 
movie: 0 1 10 12 38 46 47 53 56 58 63 65 70 73 84 88 96 99 110 116 118 123 124 128 129 132 135 138 143 156 165 168 173 181 183 184 186 192 202 203 211 214 216 223 224 238 271 290 293 298 301 302 304 306 318 319 321 322 324 331 332 343 347 353 354 359 384 437 440 445 451 458 464 467 471 476 480 481 484 486 489 490 496 502 517 524 548 554 555 559 562 566 568 594 606 609 610 618 
please: 152 
romatic: 203 
fans: 281 292 
various: 580 
probably: 42 207 406 
soulmate: 273 
other's: 492 591 
knowing: 192 580 
romance,: 11 617 
misstep: 431 438 
brilliant,: 461 
'aw,: 340 
attention: 606 
days,: 335 537 
death: 531 
16-year: 116 
premise: 140 335 
days): 569 
genre: 292 440 459 
(especially: 573 
bar,: 514 
<p>why: 73 
both: 250 281 433 447 505 557 616 
condition,: 593 
last: 119 428 
restaurant: 91 262 300 478 527 604 
fiance: 87 316 596 600 
wouldn't: 465 467 
fan,: 533 
alot: 575 
focused: 362 
however,: 105 250 252 339 464 507 555 
whole: 3 27 148 222 230 241 319 384 428 467 569 
finds: 4 23 139 286 540 546 
roberts),: 285 309 
liked: 131 297 298 300 321 
/>we: 22 
point: 23 39 73 278 319 337 438 517 524 
reasons: 173 
sweet: 82 418 449 521 545 
whatever: 317 513 
simply: 206 357 
likes: 134 322 
sexy: 570 
throughout: 162 427 
create: 580 
outstanding: 481 
dud: 435 
due: 335 
whom: 82 
secret: 92 
(ahem): 206 
charasmatic: 260 
meeting: 222 511 
walter: 582 
dialogue: 71 266 320 
entertaining,: 385 
gay: 9 13 87 144 256 275 288 346 376 380 482 503 508 552 570 580 
success,: 456 
fire: 418 
like,: 153 
cruelty: 37 
else: 54 177 180 222 507 
understand: 79 213 
michelangelo's: 282 
pact: 5 251 311 
delight,: 423 
look: 112 492 
all-time: 343 
solid: 44 280 405 
"do: 28 378 
chicago's: 279 491 
pace: 444 490 
while: 11 27 52 75 222 406 577 580 584 
fun: 56 98 284 288 292 548 565 575 606 618 
bdest: 54 
where,: 584 
where): 145 
hoping: 580 
'best: 335 
36: 613 
disappointing: 63 334 
itself: 138 
beautifully: 392 
ready: 8 366 
wedding's: 614 
-and: 472 
chase: 36 263 282 529 
funny: 60 119 123 150 203 215 223 234 392 427 477 479 555 573 610 614 620 
grant: 261 
belong: 48 
virtually: 275 
grand: 529 
current,: 162 
used: 248 
(very: 495 
bonus: 199 
yesterday: 326 
infuses: 210 
/>there's: 177 454 468 484 
moment: 490 492 
arrived: 345 
<a: 390 407 
please,: 605 
recent: 576 
finesse: 117 
picky: 194 
fiance's: 318 
analysis: 576 
obviously: 620 
person: 96 303 482 540 
boat: 272 468 571 
up!): 483 
/>though: 614 
chemistry: 190 290 524 
composed: 309 
moment,: 288 
all-star: 535 
diaz's: 95 
distracting: 148 
<p>you: 153 
using: 580 
reviewer: 190 486 576 
alternative: 196 267 
"<br: 589 
<p>all: 67 123 
fiancee: 252 274 
marrying: 17 82 218 619 
helium,paul: 582 
parents: 582 
crying: 529 
bridal: 135 
surprised: 107 
do?: 508 
lacking: 148 
big: 55 146 262 263 393 
couple: 53 313 339 417 508 595 
katherine: 473 
game: 440 577 
bit: 105 200 399 404 610 
comedy,: 42 66 
helpful: 495 
hate,: 208 
outright: 579 
/>other: 208 
inviting: 336 
masterson: 401 582 
follows: 338 585 
message: 504 
run-of-the-mill: 519 
chorus: 211 
continue: 88 
fianc&eacute;e,: 418 509 
essential: 277 
often: 58 274 288 
absolutely: 222 308 409 481 568 
movie!!: 449 
plot!: 128 
some: 24 75 88 90 101 104 108 109 122 208 216 218 268 288 404 406 407 458 467 477 482 515 555 567 585 586 
play: 213 580 587 
examples: 428 
erupts: 230 
curious: 72 
women,: 433 
soppy: 617 
seller: 346 
good,: 215 446 
bone&quot;: 157 
everybody: 97 
use: 407 510 
bu: 76 
assists: 396 
conjuring: 584 
chick: 193 194 459 465 
comedies,: 615 621 
five-years: 85 
by: 43 80 94 188 250 256 273 290 329 339 395 404 467 551 586 608 
deliteful: 45 
surprising,: 220 
/>all: 448 
anything: 55 537 
hackneyed: 208 
&: 490 491 
forget!: 88 
deserves: 214 
ounce: 94 
hatched: 291 
huffed: 211 
juliana,: 546 
seeing: 134 269 293 461 467 
outfield: 596 
unnoticed: 149 
boss,: 516 
into: 57 61 210 211 396 416 462 478 492 
within: 511 
romance,because: 232 
because: 47 71 82 89 132 186 214 220 224 244 266 318 342 451 602 603 
lesson: 50 
behaving: 617 
comedy--in: 281 
i: 2 3 44 45 46 47 48 49 52 53 58 60 62 67 68 70 71 72 74 75 79 89 99 100 101 107 112 124 129 130 132 134 135 136 146 147 151 157 183 186 187 188 189 190 191 194 202 203 204 213 225 236 239 268 279 293 294 296 297 298 300 301 302 305 307 322 325 326 327 329 330 332 333 344 352 354 355 356 372 374 382 383 384 385 387 389 390 393 394 405 406 407 409 424 432 437 438 440 441 442 446 449 450 451 452 458 460 461 465 466 467 469 470 472 476 486 488 497 498 502 529 530 554 555 557 560 561 562 568 574 576 592 593 596 598 599 600 602 603 604 
apparently: 370 
fast: 104 141 592 
camera: 200 
bridesmaids: 584 
original,: 244 542 
himself: 41 78 
underlines: 39 
you&quot;: 125 300 
notch,: 422 
cuter: 89 
underlined: 36 
line: 476 
dull: 53 
balancing: 474 
restaraunt: 230 
up: 8 34 43 49 53 55 77 115 139 141 142 150 162 188 189 190 191 193 195 212 239 242 244 249 253 262 274 289 291 313 318 355 359 412 417 425 439 454 469 476 488 508 515 518 521 537 557 572 584 605 607 
us: 348 397 399 404 522 
planet: 74 
proves: 41 
called: 504 586 
sometimes: 103 396 494 562 
ordered: 466 592 
fans,: 89 
/>guy: 456 
single: 505 
rupert: 43 92 96 111 118 126 144 155 173 211 247 261 275 284 354 447 496 525 552 553 598 
smile,: 503 
themselves:: 393 
featurettes: 196 200 
redeeming: 563 
occasional: 533 
points: 576 614 
actors: 247 266 399 
potter,: 248 395 413 
"wishin': 478 
b/c: 465 466 
excellent,: 540 
hell,: 570 
nice: 184 
giggle-fest: 257 
favourite: 463 
problems: 370 
drag: 618 
restoration: 40 
heroine: 503 518 
ago: 49 465 472 
downtown: 491 
together!!!!!: 205 
practically: 96 
dvd: 52 64 89 195 224 408 457 466 593 
age: 185 250 
actor,: 148 
alongside: 498 
gordon-levitt's: 597 
depth: 148 149 
far: 105 404 421 
she's: 82 89 177 213 214 278 392 487 488 506 547 608 
having: 12 186 268 
back!: 85 
/>rupert: 210 
enjoyable: 404 458 569 
go: 149 152 162 286 421 554 609 614 
particularly: 491 496 
issues: 387 
seemed: 399 404 465 
hopin',: 478 
concerned: 577 
young: 89 401 
(not: 71 412 
pleasing: 411 
fly: 278 
speed!: 592 
outside: 614 
engineered: 404 
telling: 198 504 
entire: 63 235 427 476 489 
succeed: 603 
marry: 5 54 250 311 346 505 536 577 
michael: 16 26 30 73 76 87 218 219 222 248 251 252 285 286 287 288 299 309 310 312 314 365 368 372 395 404 414 416 419 435 504 505 508 511 513 515 521 536 539 546 547 577 578 580 591 608 
try: 167 286 600 619 
pretend: 222 380 
you'd: 220 
other,: 111 492 
surefire: 411 
(1997): 358 
video: 268 
/>julia: 228 248 607 
immaturity: 555 
that,: 39 186 203 208 488 
plays: 27 95 248 291 351 497 546 554 582 583 
chicago: 92 248 273 277 402 508 569 619 
giving: 511 553 
overwhelmed: 313 
cell: 388 
rotten: 189 
twins: 488 
restaurant,: 482 
honor,: 580 
desires: 39 
delivering: 427 
its: 184 227 266 267 302 306 325 342 460 464 
let: 333 421 494 
others: 137 
sing: 57 300 482 
irritating: 122 
sap,: 210 
wooden,: 399 
great: 1 9 38 64 67 108 138 143 225 290 310 325 330 332 346 347 388 400 447 450 472 489 496 523 559 563 564 573 575 
drops: 507 
talent: 148 397 
securing: 508 
tv,: 241 407 
technical: 405 
until: 103 318 366 369 421 467 518 522 609 
larger: 269 
unwittingly: 94 
contradiction: 82 
leaving: 504 
weren't: 461 
3,: 463 
pathos,: 579 
makes: 1 301 305 331 420 439 535 571 577 580 
writes: 516 
involves: 285 582 603 
bellman,: 582 
holmes: 144 150 
named: 578 
restaurant': 428 
<p>buy: 89 
claim: 274 
win: 29 35 133 191 219 253 254 255 286 404 520 537 539 541 590 
confession: 340 
wit: 428 
names: 277 
all,but: 323 
singing: 135 222 230 289 458 479 514 527 561 584 604 
confidence: 260 
from: 14 16 39 74 92 97 116 189 190 193 196 211 228 251 259 276 278 286 287 334 336 360 389 398 399 410 422 424 481 516 530 536 545 556 581 582 596 619 
gay!): 71 
failed: 355 
illegal: 32 
hudson: 515 
next: 59 299 497 
few: 91 229 268 412 448 562 569 580 582 599 
doubt: 22 245 
bangs!: 88 
stylish,: 119 
vehicle: 207 614 
bottomless: 95 
jonathan: 582 
reflects: 364 
sort: 374 445 
clever: 467 475 
pretty: 42 59 79 93 493 
upcoming: 43 553 
on: 50 74 97 113 114 148 158 160 167 170 190 200 207 241 255 266 268 273 309 343 349 351 364 396 403 407 466 468 485 493 504 507 584 612 613 
started: 343 
becomes: 82 313 335 367 579 
charming: 412 616 
ashamed: 14 67 
hints: 495 
high: 207 
this: 0 11 15 17 27 28 29 35 43 44 45 46 47 52 53 56 58 61 65 70 73 74 78 79 80 84 85 86 89 99 106 110 124 127 128 129 134 135 151 153 156 162 165 173 178 181 183 185 186 188 189 192 193 202 203 206 212 214 216 218 224 226 229 234 235 236 238 257 259 260 261 265 267 282 293 301 302 304 307 321 322 324 325 328 330 331 332 334 335 337 338 343 349 353 354 359 378 379 392 393 394 397 399 405 406 407 409 421 424 425 437 440 443 447 449 452 457 459 462 465 473 477 483 484 486 488 493 499 502 515 519 524 528 535 541 542 543 544 550 554 559 565 566 568 571 576 581 586 594 595 603 606 614 615 
ride: 571 
obvious: 480 
wedding&quot;: 533 
meet: 22 
soon-to-be: 495 
bittersweet: 281 491 
high;: 211 
process: 3 455 
off-beat: 530 
tad: 114 
pulling: 262 
something: 32 158 162 591 
slip: 569 
hit: 411 
nightclub: 261 
sit: 86 108 
holds: 242 244 
hurt&quot;: 158 
comedy: 0 9 15 38 44 45 203 234 240 243 257 281 284 292 304 308 342 380 411 441 445 448 458 459 499 503 519 528 540 548 614 
panic: 17 416 
says:: 28 
tension: 31 
watch: 10 44 53 58 90 106 173 204 305 352 359 407 447 458 483 572 605 610 611 620 
newhouse,: 582 
link:: 407 
ronald: 255 578 
perky: 536 
infectious,: 239 
chasing: 288 
light: 10 80 
lines: 182 482 
region,: 403 
realizes: 17 24 37 285 337 368 416 421 536 547 
agenda: 92 
classy: 382 
furious: 141 
poor: 620 
wedding: 18 20 42 43 91 97 145 166 187 189 212 219 240 252 264 273 274 276 278 284 286 312 336 355 358 387 395 417 452 454 456 495 534 537 540 547 560 591 
sweet,: 93 
friend(rupert: 9 
won't: 44 88 
looks: 174 176 330 
george's: 71 585 
(guess: 145 
perfect: 252 316 323 327 349 368 369 418 509 
strikingly: 528 
michael,: 146 219 220 524 578 
chosen: 483 
juliette,: 291 
wife-to-be: 556 
willing: 317 565 
dermot: 95 114 115 121 155 247 284 349 395 451 490 535 551 608 
michael?: 541 
audiences': 233 
stunt): 529 
(dermot: 87 218 248 273 285 309 504 
van--charges: 529 
look,: 487 
yada: 208 
willenjoy,: 151 
mention: 148 
spelt: 600 
instead: 213 
affections: 432 
realize: 37 103 415 492 
fiance,: 177 580 
delightful: 0 409 584 
giamatti: 582 
mode: 416 
truth: 414 
luster: 268 
recommend: 322 440 502 603 
(the: 272 428 482 
conflict,: 82 555 
overall,: 404 555 
related: 100 
most,: 407 
measure: 281 
our: 35 39 103 167 426 427 588 
sexual: 246 
things',: 480 
special: 195 224 493 
out: 32 57 112 139 155 257 276 286 325 348 379 384 425 455 468 500 504 527 529 546 553 576 
do&quot;: 162 
<p>great: 64 
entertainment: 581 
announces: 578 609 
time,: 462 553 
hilarious: 144 217 256 261 380 381 501 539 
once,: 493 
cause: 29 302 305 
diaz),: 92 218 274 578 
wedding";: 495 
want,and: 331 
humiliating: 177 
(cameron: 87 92 142 218 252 274 287 309 369 509 546 
completely: 7 94 152 297 314 579 
sing-along: 144 495 
surely: 88 235 
york: 273 
embarrass: 383 514 
philip: 401 582 
latches: 93 
could: 163 164 206 262 266 342 439 446 
times: 130 187 191 215 257 352 490 562 574 
don'ts: 495 
brides: 9 
sequences): 424 
opposite-sex: 162 
makes,: 554 
succeeds: 404 
scene: 105 119 126 145 177 230 264 272 385 428 468 470 474 478 482 483 491 525 527 529 
everett),: 219 
similar): 158 
dividing: 603 
doesn't: 14 24 35 37 97 128 213 220 425 445 510 524 603 618 
deceptive: 32 
be,: 397 
scenes!: 88 
love,: 66 414 426 594 
scenes,: 261 467 617 
behaves: 207 
their: 30 125 235 247 248 252 335 363 433 492 515 584 
wrapped: 340 
perfectly: 262 474 
behaved: 340 
final: 32 586 
back: 81 86 132 220 251 253 286 339 351 404 513 539 
stars: 4 214 239 244 284 
doomed: 21 
nobody: 351 
'other: 350 
manipulation: 579 
herself: 91 177 396 508 563 
later,: 268 
loved: 62 151 253 330 366 461 
slack: 150 
&quot;desparado&quot;: 117 
touted: 528 
roberts: 4 12 19 21 23 30 32 37 42 43 46 47 59 60 80 82 83 85 91 94 96 111 113 114 115 117 139 143 150 155 169 178 179 185 207 218 228 233 239 248 258 281 291 293 305 323 325 340 349 390 440 442 446 461 468 473 529 533 546 554 556 563 607 614 616 617 
/>and: 455 
assumes: 251 
loves: 8 78 79 208 285 303 337 421 454 536 571 
lover: 81 82 273 
emmett: 583 
sculpture: 145 267 282 584 
devotion: 427 
imaginative: 476 480 
well-acted,: 392 
thwarted: 339 
(diaz): 536 
viewer: 197 255 585 
catty: 423 
tonight: 241 588 
/>at: 456 
have: 22 24 82 95 103 109 112 128 163 164 165 167 178 182 187 188 202 218 221 224 233 239 245 257 262 266 290 301 307 310 335 342 352 359 385 406 427 447 472 476 488 510 518 524 541 565 574 576 613 
need: 74 421 572 
hilarious,: 263 308 
clearly: 206 278 
viewed: 187 352 
("wishin': 173 
afore-mentioned: 508 
afraid: 413 
skillful: 578 
oozing: 461 
able: 188 233 
pivotal: 210 
which: 177 188 196 197 212 252 261 340 399 458 477 515 567 577 582 586 603 
truck: 263 282 
trivia: 495 
dismay,: 578 
perfectly-constructed: 255 
unless: 533 
allow: 569 
"chick: 404 
moments,: 257 
who: 4 29 35 43 44 48 106 114 134 144 152 156 172 177 185 202 210 245 248 274 275 285 288 290 291 322 331 339 367 396 400 413 428 453 518 525 529 536 540 546 551 553 556 576 582 607 
looking!: 213 
julia): 7 
intentions: 256 609 
stars!!: 457 
device: 569 
why: 47 79 112 163 178 241 297 462 612 
mishaps: 15 
face: 82 148 485 
face,: 266 
you'll: 486 541 550 
<p>roberts: 523 
absurd: 37 
brilliance): 428 
everett's: 155 
normally: 194 441 467 
fact: 11 487 488 
affair: 49 335 
richard,: 582 
wonderful,: 252 
one): 146 207 
pleases: 464 
word): 6 
/>although: 610 
bring: 419 
fianc&eacute;: 287 
mean,: 279 529 
rough: 426 
trivial: 135 
agrees: 256 
one: 23 29 57 59 60 72 89 111 129 149 167 190 196 200 206 210 222 227 241 246 259 267 278 282 297 307 328 336 412 417 424 449 454 463 476 485 486 521 540 544 579 582 584 601 614 615 
tune): 211 
based: 309 
unions: 605 
should: 127 152 157 188 194 291 292 346 472 475 521 557 613 615 
/>buy: 572 
man),: 482 
fuel: 418 
girlie: 211 464 
jab: 162 
/>but: 480 
hope: 488 585 600 
chicago-based: 576 
abba: 601 
watching: 70 183 236 241 341 406 470 472 480 560 562 565 
familiar: 400 
overall: 193 199 292 480 
ones: 269 474 
perfection: 418 
hearts",: 586 
timing: 428 
years: 49 242 246 249 268 270 311 325 377 414 465 472 505 509 566 608 
emmet: 401 
ended: 49 196 
married: 4 6 81 146 163 218 286 322 336 369 453 507 546 577 
calling: 252 
wedding:<p>when: 87 
she: 6 8 17 20 21 24 26 35 37 43 51 81 82 85 91 92 101 141 142 189 208 213 219 220 228 233 239 240 251 253 254 255 260 274 278 285 288 294 299 317 318 330 337 339 340 343 360 361 362 363 364 365 366 368 369 371 396 414 416 417 418 419 421 426 454 455 462 473 488 505 508 510 511 513 514 515 516 524 536 537 554 571 580 603 607 
including: 261 535 
grab: 91 
"play: 586 
guessing: 160 255 445 522 
sluttish: 9 
inventive: 493 
end;: 476 
cruise: 491 
fantastically: 558 
we: 21 22 30 39 40 74 103 167 425 459 492 518 519 520 523 588 
this,: 572 
edition: 195 224 493 
bellhop: 272 
desperate: 32 
(fraud: 33 
recently: 460 466 
end,: 221 288 
<p>if: 159 
closer: 419 
puts: 478 
mind;: 417 
desires,: 35 
"it's: 267 
superb: 38 
mind): 272 
routing: 21 
horrible: 167 
rendition: 125 177 478 
flicks: 194 
sabotage: 91 264 578 
email: 516 
bought: 451 
ends: 142 529 557 
forgiveness,: 208 
sorely: 232 
opening: 135 173 424 478 486 
joy: 41 
however: 486 525 
job: 114 144 330 563 
joe: 583 
prayer": 262 289 495 573 
entertainement: 216 
succesful: 462 
david: 145 
ok,: 527 
hits: 156 
career: 8 77 362 
invited: 43 
flick": 404 
equal: 281 
foibles: 348 
etc: 237 
admit: 187 307 340 371 393 511 
/>i: 393 437 457 
figures: 455 
interesting: 14 30 202 309 432 
kimmy's: 516 
exploits,: 23 
underhandedness: 6 
"unbox": 407 
friends&quot;: 155 
walk: 163 
laugh: 1 155 257 331 502 
together,: 30 162 
phones: 388 
table: 105 230 
seriously!: 303 
worth-watching: 535 
addition: 9 
it's: 59 88 103 128 135 136 143 146 148 208 215 223 224 241 269 271 278 347 399 410 436 458 471 472 485 493 500 501 522 526 528 533 541 545 548 601 603 610 614 620 
films,: 599 
taste: 397 
touched,: 77 
slowly: 462 
recognize: 596 
own?: 613 
rich,: 274 
mike: 335 336 337 
stationed: 52 
am: 3 46 52 67 72 89 194 203 355 393 442 557 
kicks: 124 
smoking: 272 488 
an: 18 53 63 73 82 91 94 98 102 107 145 185 281 282 294 308 309 334 404 409 471 478 483 491 511 535 540 554 582 584 619 
/>unfortunately: 341 
thatthis: 152 
value: 581 
will: 44 55 84 88 112 123 126 153 155 156 163 172 232 254 255 257 259 321 352 437 464 537 541 562 565 582 602 606 
wild: 503 
instantly: 485 
ringing: 251 
almost: 63 325 424 525 571 
surprisingly: 0 
hearted: 10 404 
partner: 5 16 219 
portray: 582 
happy: 16 221 313 317 339 344 417 506 592 595 
perhaps: 148 210 269 519 524 
funniest: 267 
member: 145 156 
parts: 425 
party: 97 145 276 
gets: 81 145 219 331 336 396 584 614 
infer: 30 
tomboy: 546 
planned: 395 
cellphones: 269 
impeccably: 93 
samantha: 582 
audience,: 405 
upon: 585 
commended: 272 
sarcastic: 423 
student: 218 578 
judgment: 412 
/>julianne: 419 
endearing: 122 
off: 141 200 262 264 268 417 508 
trudge: 211 
realises: 114 
confronted: 393 
well: 37 85 89 202 213 295 327 340 410 464 473 564 566 
banging: 158 
fighting: 21 385 
non-feelgood: 342 
thought: 294 296 356 488 599 
/>: 577 578 580 581 584 585 586 589 
1: 602 
sets: 508 
position: 511 
&quot;ex,: 162 
realised: 253 
roberts,: 25 213 235 245 273 284 422 535 
cameo: 246 
enemy,: 291 
less: 120 210 436 
moments: 66 209 263 288 448 477 492 555 584 
humor,: 193 
roberts': 93 97 144 274 275 277 395 551 
wealthy: 536 
flies: 417 619 
happiness: 317 
work,: 405 
28,: 506 577 578 
wed: 495 
o'neil(dermot: 577 
diaz;: 524 
day: 55 144 185 336 377 473 536 571 
simple: 193 
forgivable: 438 
attractive: 73 533 
george!: 124 
diaz,: 43 62 216 284 535 
george,: 275 508 
diaz): 87 142 228 252 287 309 369 509 546 
match: 22 
seat,: 393 
o'neal,: 414 608 
who's: 218 
crux: 28 
five: 270 
know: 40 112 163 261 459 478 605 
facial: 83 
boyfriend's: 91 
in&quot;: 134 
chutzpah: 514 
fools: 393 
necessary: 75 
like: 60 71 78 116 124 132 135 158 194 207 212 237 288 299 326 340 385 424 452 465 470 475 515 523 550 577 593 621 
lost: 29 
self-center: 76 
vibrant: 273 434 
loser: 49 
(or: 158 
lose: 254 
"unveiled:: 495 
become: 185 241 459 
time!!!: 573 
simple,: 335 
everett,: 92 535 552 
everett): 9 256 288 396 503 
scared: 367 
interludes: 567 
proper: 22 
happens: 13 393 608 
lead: 576 
avoid: 406 
&quot;funny: 157 
by,: 109 
com/gp/product/b00003ipfq">runaway: 391 
does: 32 34 37 85 97 114 115 177 189 206 369 419 425 480 490 513 515 524 563 
comical: 474 
karaoke;: 211 
executed,: 262 
reaching: 39 
poignant: 288 
immature: 554 
although: 82 304 410 482 
serviceable,: 430 
fresh,: 243 
now): 135 
about: 28 29 54 72 112 135 151 172 206 213 270 282 301 332 369 378 430 453 484 500 508 540 556 591 594 601 611 
jello"): 439 
getting: 4 6 18 39 52 87 139 146 211 218 286 322 336 426 507 546 609 
"best: 6 407 
shipping: 327 
charachter: 97 
herself,: 274 
herself!: 219 
tongue: 145 584 
sky-high: 113 
own: 35 68 77 125 317 349 406 433 533 578 
enacts: 117 
obliterated: 518 
commitment: 4 335 367 
mulroney)had: 577 
david,: 282 
tiny: 510 
female: 558 606 
cultivated: 482 
couldnt: 325 
quickly: 415 
brilliantly: 244 423 
/>unless: 212 
&quot;wonderful: 164 
spots: 403 
doing: 557 561 
biggest: 87 89 
fillthy-rich: 218 
(diaz: 211 
&quot;women-only&quot;: 152 
buy: 68 216 324 408 
i've: 187 329 599 
flick,it's: 330 
sequel: 202 
but: 14 17 19 23 25 32 35 36 39 41 43 44 46 54 57 61 63 68 72 74 79 82 89 90 92 122 124 136 139 158 174 201 202 210 220 221 224 233 235 244 246 256 257 266 279 291 294 340 369 385 392 412 415 418 419 420 425 426 430 438 443 463 467 470 475 476 480 483 492 498 500 514 520 524 526 528 529 541 554 558 578 591 600 605 614 620 
hated: 438 
reminds: 131 261 
myself",: 478 
/>this: 38 340 496 
he: 6 14 15 17 25 27 28 54 71 74 77 78 79 81 95 107 119 176 210 251 256 288 336 363 366 369 380 382 383 416 431 481 482 497 507 515 525 536 556 582 597 598 609 
this!: 481 
made: 240 250 311 396 397 567 
scene-stealing: 478 
whether: 21 
wish: 124 343 
j: 206 
/>the: 9 257 261 413 422 475 489 571 
record: 592 
bride,: 237 321 
viewers;: 606 
&quot;return: 134 
piece: 171 
slew: 400 
dermot's: 491 600 
friend,: 41 75 92 144 218 219 273 508 536 538 580 600 608 
like-dressing: 582 
universal: 594 
friend": 407 
determinded: 537 
happen: 166 296 
deeper: 396 
compared: 368 
accident,: 94 
variety: 276 
semi-psychopath,: 340 
saviour: 210 
(!!!): 85 
other: 5 9 74 162 163 175 190 191 218 224 250 281 295 368 431 436 505 577 612 
/>that's: 477 
long-time: 218 
incredibly: 473 
what's: 332 508 
conclusion: 254 506 
star: 43 175 280 602 
again,: 460 
emerges: 482 
too-especially: 125 
again!: 84 458 
stay: 373 
in,: 222 412 
chance: 556 
friends: 87 124 142 224 284 310 373 475 560 570 
insipid: 209 
ranks: 207 
detail): 135 
extras: 493 495 
determination: 29 
