cartoonetwork: 280 
copy: 276 
personally: 243 
four: 298 
mafioso,: 172 198 
(which: 36 172 198 
jinnai,: 59 
poisoned): 33 
sorry: 234 349 
worth: 254 255 275 
kudo: 74 140 146 155 161 163 187 189 214 221 244 292 355 377 383 392 
risk: 34 
every: 35 36 47 69 256 313 362 
jack: 58 
stabbed: 172 198 
encounter: 21 333 
look: 281 
prattles: 182 208 
school: 32 140 146 147 149 214 363 377 383 384 386 
called: 0 
skills: 17 145 329 382 
clientele: 23 335 
stink!: 240 
shows: 9 13 267 317 321 325 
glued: 69 
force: 47 281 
one</a>: 7 
her,: 35 
bubbling: 362 
japanese: 9 36 46 47 48 54 107 112 241 242 295 321 
sense<br: 101 
experemental: 32 
even: 41 177 203 252 277 401 
wreck: 58 
selected: 158 395 
poison: 76 140 141 165 191 215 357 377 378 
translation": 401 
02<br: 90 
kudo': 16 328 
new: 76 80 153 226 256 308 390 397 
kudo,: 32 244 
harbors: 19 331 
hero: 58 
men: 21 23 165 191 225 226 292 333 335 357 360 363 
here: 25 149 152 157 337 386 389 394 
studio: 58 
maps!): 176 202 
agasa): 171 197 
aftermath: 268 
aren't: 177 203 212 
agasa,: 169 195 
balance: 27 339 
daughter: 20 332 
kudou: 281 
leaves: 18 330 
credit: 146 383 
i'd: 36 401 
i'm: 56 282 
changes: 217 
changer: 33 
fantastic: 108 113 123 220 
feelings: 19 331 
brought: 110 
actions: 177 203 
total: 310 
050: 53 
051: 53 
052: 53 
plot: 12 150 246 324 355 387 
criminals: 108 177 203 
would: 128 149 233 277 286 386 
revengeful: 56 59 
call: 163 189 
recommend: 125 128 219 255 316 
right,: 42 122 
preview: 119 
type: 76 
tell: 6 
"case: 129 136 138 148 153 161 187 366 373 375 385 390 
box-sets: 113 
warn: 36 
adult: 60 65 127 300 343 
90: 280 
hold: 253 
off,: 38 
must: 34 169 171 195 197 311 319 401 
me: 38 44 66 69 122 276 291 352 
cheapest: 44 
work: 13 77 310 325 399 
movies: 220 298 
(detective: 31 32 45 220 226 
my: 13 14 44 51 60 64 66 136 259 262 263 276 278 285 306 314 325 326 347 349 352 373 402 
addictive: 26 338 
funimation,: 274 
/>059: 58 
give: 45 72 136 255 357 373 
organized: 64 
gadgets: 144 171 197 381 
want: 72 116 122 282 316 
keep: 34 72 80 108 140 169 195 364 377 
rid: 223 
end: 39 136 373 
turn: 318 
damage: 257 258 
far: 44 45 298 302 
writers: 142 379 
chase: 21 333 
personality,: 68 
description: 349 
replacing: 243 
after: 8 9 21 31 33 36 55 122 137 142 172 198 267 276 292 320 321 333 344 374 379 
wrong: 38 58 
purchase: 44 123 
third: 116 265 
think: 9 240 243 247 280 321 
alias: 142 225 318 358 379 
suggest: 350 
credits: 401 
order: 23 335 
infested: 172 198 
over: 5 23 54 57 75 173 177 199 203 277 283 335 
satisfied: 72 
japan: 17 42 173 199 283 329 
before: 33 116 362 
"only: 29 341 
("metaintei: 129 366 
(mori: 33 
closed:: 7 161 187 
better: 58 105 142 379 
closed": 129 138 143 148 366 375 380 385 
hidden: 8 320 
closed,: 246 280 
split: 145 382 
eventually: 23 335 
them: 2 121 122 251 268 277 
detectives": 147 384 
they: 37 39 41 68 121 122 150 223 241 243 277 283 288 304 387 399 401 
one: 9 14 21 29 48 75 82 83 115 131 150 151 170 196 217 222 226 232 233 245 264 267 271 272 275 289 290 294 299 315 317 318 321 326 333 341 343 346 348 351 356 368 387 388 396 
several: 137 374 
grammar: 46 
filling: 55 
"madison: 157 394 
mature,: 41 
side: 32 283 
lasting: 111 
nfact: 236 
series: 5 14 22 36 39 66 72 108 110 122 124 129 136 138 144 150 151 154 157 161 173 187 199 217 218 219 240 264 266 275 279 311 326 334 353 366 373 375 381 387 388 391 394 397 398 
crimes: 160 186 
group: 363 
we'd: 61 
impossible: 319 
popularity,: 18 330 
saturday: 136 373 
network: 8 31 320 
driving: 53 58 
hooked: 11 291 323 
content: 9 321 
encourage: 236 
first-graders,: 185 211 
got: 131 137 258 261 277 285 345 352 368 374 
turning: 357 
you're: 275 295 
little: 8 147 161 180 187 206 274 308 320 384 
free: 13 325 
detecting: 163 189 
wanted: 132 306 369 
starts: 16 328 
viewing: 131 368 
moving: 33 
broken: 309 
footsteps: 58 
already: 283 
features: 112 265 270 274 
too,: 133 370 
rant: 234 
disappearing: 57 102 172 198 
another: 9 115 119 222 321 
comic: 161 184 187 210 
taylor"): 157 394 
top: 6 
girls: 149 163 189 386 
too: 10 13 72 184 210 322 325 
murder: 12 26 56 57 58 59 91 93 94 109 173 199 266 277 324 338 
ran,: 146 383 
ran): 33 
force-fed: 165 191 
somewhat: 179 205 
begins: 33 35 226 
body,: 172 198 
showed: 127 
second: 116 272 347 362 
matter: 252 
<br: 11 16 26 32 35 44 51 57 83 113 118 123 143 146 148 151 159 163 167 172 173 176 180 182 185 189 193 198 199 202 206 208 211 229 238 254 266 275 276 294 299 323 328 338 361 380 383 385 388 396 
friend: 19 33 36 44 164 190 222 278 331 
childlike: 144 381 
spoiled: 282 
old,: 17 42 121 329 
fashion: 57 101 
sees: 222 
ran: 150 156 244 387 393 
navigate: 112 
mind: 286 
twists,: 316 
well,: 180 206 
swim]: 51 52 55 
kidnappings,: 172 198 
seen: 72 277 302 
seem: 401 
mint: 250 287 
tells: 214 
relatively: 124 
do): 36 
-: 53 56 57 58 59 
/>***<br: 294 
box-sets,: 110 
thieves,: 172 198 
nobody: 172 198 
though: 48 364 
thrilled: 295 
"black: 32 
com/gp/product/b00284em3c">case: 7 
regular: 35 
thriller: 26 338 348 
episode: 11 12 33 35 36 45 137 217 227 268 283 291 313 323 324 345 374 
treats: 146 383 
professor: 144 381 
definitely: 159 254 255 396 
entertaining: 319 351 
came: 31 249 274 
20-30: 36 
/>obviously,: 138 375 
bomb: 57 58 88 
saga: 45 
ending: 43 
attempts: 33 
enjoyed: 260 
gore): 9 321 
busy: 13 325 
menu: 112 273 
subbed: 240 242 
wearing: 272 
do: 38 72 269 
dvds: 249 250 253 287 309 310 
blur: 37 
watch: 12 13 29 116 121 127 136 240 246 262 277 324 325 341 373 
"jimmy,": 180 206 
geek: 182 208 
/>down: 402 
despite: 40 182 185 208 211 
knocks: 222 
dr: 168 194 359 
runs: 21 333 
17: 221 318 
covering: 249 
ever: 39 44 109 277 343 
men,: 169 195 
children's: 212 
bad: 58 
discs: 110 114 115 117 265 
release: 30 39 136 231 232 237 305 342 373 396 
hakasho: 122 
decides: 225 
racheal's: 226 
conan"): 129 366 
best: 0 19 277 278 289 317 331 343 346 
said: 316 
lots: 174 200 
away: 72 158 395 
yet: 184 210 
there's: 295 
hopefully: 296 
kogoro,: 146 383 
approach: 48 
dctp: 240 
we: 58 262 282 
never: 13 36 43 108 131 150 325 368 387 
/>i'd: 402 
confusion: 58 
crimes,: 304 
ws: 241 
devout: 32 
conan": 129 366 
cousin: 60 352 
picking: 159 316 396 
conan): 0 31 32 318 
improve: 161 187 
faced: 57 97 
essentially: 173 199 
adventures: 29 341 
(daidoji: 157 394 
25+: 122 
(other: 46 
character: 182 208 271 277 
(including: 174 200 
solved;: 268 
beheaded: 174 200 
speak: 36 43 46 
now,: 40 44 110 
cardboard: 249 252 
puts: 181 183 207 209 
three: 58 248 270 297 
been: 10 41 44 49 65 261 298 322 
(shinichi): 32 
much: 72 127 227 241 306 
interest: 33 66 146 383 
expected: 310 
/>coming: 106 
idol: 172 198 
life: 68 80 160 186 
recomend: 5 
attacked: 356 357 
needed,: 48 
child: 32 160 186 224 357 
catch: 23 25 335 337 
(and: 45 172 184 198 210 
censored: 9 321 
play: 257 
has: 44 66 69 119 164 172 190 198 216 231 246 265 282 304 318 348 
hyperactive: 181 207 
excited: 279 301 
neat: 308 
entertains: 66 
voice: 33 54 57 294 
japan,: 36 129 366 
weakens: 268 
seven: 265 292 
iq: 149 386 
is: 0 2 3 9 14 15 17 19 20 26 27 32 35 37 38 40 44 45 48 52 54 56 58 64 71 72 74 107 109 112 114 115 119 124 125 138 139 140 142 143 146 149 151 163 170 173 178 179 182 185 189 196 199 204 205 208 211 214 217 218 220 225 230 239 240 244 245 247 249 254 255 263 264 266 267 268 269 271 272 273 275 277 281 283 289 294 302 303 308 313 314 317 321 326 327 329 331 332 338 339 346 347 348 351 353 354 355 356 357 361 362 364 365 375 376 377 379 380 383 386 388 396 397 401 
it: 15 28 31 40 47 48 64 65 71 72 77 109 113 117 119 125 127 128 132 136 139 154 157 178 183 204 209 221 222 224 231 232 235 236 239 246 255 257 258 259 262 271 274 282 290 291 300 306 327 340 343 344 345 348 352 353 357 362 365 369 373 376 391 394 397 401 402 
3<br: 58 
in: 0 9 13 14 15 17 18 22 23 26 33 35 36 39 42 44 45 48 54 55 57 58 64 67 70 73 74 75 78 109 114 122 124 127 129 136 137 140 148 152 161 163 165 172 173 175 181 187 189 191 198 199 201 207 220 222 226 233 249 250 253 256 258 266 267 268 277 280 281 283 285 287 291 292 296 297 299 300 309 321 325 326 327 329 330 334 335 338 357 358 360 363 366 373 374 377 385 389 
if: 9 43 45 47 116 117 219 238 241 246 275 284 289 295 316 321 350 397 
containing: 110 
perform: 274 
things: 277 
realizing: 142 150 379 387 
drawback: 151 388 
sakura: 157 394 
unfortunate: 21 333 
edogawa: 32 79 142 245 293 379 
worry,: 1 
anime!: 48 
characters: 46 67 113 242 246 267 
kid: 22 40 334 400 
adittude: 277 
greatest: 14 326 
mother: 400 
the: 0 1 2 5 6 8 9 10 11 12 13 14 15 17 18 22 23 26 29 32 33 34 35 36 37 38 39 40 41 43 44 45 46 48 50 51 52 53 54 55 56 57 58 59 61 66 67 69 70 71 73 74 76 79 80 84 85 87 88 90 91 93 94 97 99 102 106 110 112 114 115 116 117 118 122 124 129 133 136 137 138 140 141 142 143 144 145 146 150 151 152 153 154 157 158 159 161 162 163 164 169 171 172 173 175 176 177 178 180 184 185 187 188 189 190 195 197 198 199 201 202 203 204 206 210 211 212 213 215 217 218 221 225 226 227 228 231 232 233 237 240 241 242 243 245 246 249 250 252 253 255 256 257 258 261 263 264 265 266 267 268 269 270 271 272 273 274 275 277 279 280 281 282 283 287 289 290 291 293 294 295 296 297 298 299 300 301 304 305 306 307 309 310 311 312 313 314 317 318 320 321 322 323 324 325 326 327 329 330 334 335 338 341 343 346 349 351 353 357 358 360 362 363 364 366 370 373 374 375 377 378 379 380 381 382 383 387 388 389 390 391 394 395 396 397 401 402 
left: 6 58 
entanglements: 152 389 
just: 0 52 56 122 131 154 162 177 188 203 219 230 237 239 261 347 351 354 368 391 
sentence: 48 
jimmy/conan: 228 
gadgets,": 272 
year-old: 292 
thanks: 351 
yes: 277 
portrayed: 177 203 
adding: 275 
unique: 71 176 202 
infinitely: 240 
had: 36 137 256 351 374 
de-aged: 167 193 
board: 172 198 
easy: 112 353 
breakdown<br: 83 
gave: 154 239 276 391 
ago,: 31 
features,: 274 
+<br: 57 58 59 
possible: 38 
boxes: 314 
highly: 125 219 238 
league,: 363 
collection": 396 
gift: 276 278 
/>073: 58 
recommened: 238 
night: 75 
captor: 157 394 
right: 268 
old: 40 78 122 168 194 221 224 318 357 
deal: 120 148 172 198 222 292 385 
people: 45 160 186 277 280 303 315 
somehow: 241 
dead: 56 59 142 172 198 379 
50: 31 
/>078: 59 
intellect: 141 378 
humor: 27 178 204 339 
for: 17 19 24 35 37 38 44 45 48 49 51 58 66 72 119 122 128 132 142 144 146 150 161 185 187 211 217 244 261 268 271 273 274 278 280 282 303 312 313 314 319 329 331 336 349 351 354 356 364 365 369 379 381 383 387 401 
bottom: 349 
everything: 124 318 
reavels: 228 
blackmail: 165 191 
deadly: 57 
super: 74 272 
"western: 154 391 
diner: 58 
anime: 0 9 14 40 45 46 47 48 107 119 125 138 173 199 219 220 238 260 264 275 289 317 319 321 326 347 349 350 354 355 361 365 375 
efforts: 17 329 
jappanese: 402 
dilemma: 176 202 
logo: 401 
600+: 246 
two: 57 97 106 113 115 124 133 142 265 292 297 370 379 
down: 79 141 364 378 
lies: 118 
soon: 106 184 210 220 
methods: 176 202 
east: 283 
ran's: 146 383 
covering,: 255 
midnight,: 9 321 
support: 282 
available: 57 
why: 45 181 207 218 274 345 
mori: 146 156 383 393 
stories,: 268 
way: 9 10 304 321 322 397 
was: 11 12 13 31 32 40 127 129 132 136 146 157 223 243 258 268 274 301 306 323 324 325 343 344 352 366 369 373 383 394 397 401 
happy: 31 259 307 351 
head: 75 
form: 35 
understandably: 183 209 
becoming: 157 394 
kidnapped:: 57 
so,: 247 
gadgetry,: 79 
counting): 45 
true: 169 195 
bundled: 348 
versions: 242 
devices: 359 
until: 47 75 137 142 169 195 352 363 374 379 
/>basically: 32 
later: 165 191 363 
moore: 18 23 24 25 33 156 244 293 330 335 336 337 356 358 362 393 
)<br: 136 373 402 
expertise: 17 329 
ship: 58 172 198 
annoying: 185 211 
trip: 164 190 
faithful: 75 
no: 58 132 233 309 369 
when: 31 36 39 40 65 121 127 129 146 149 150 154 157 165 191 258 268 274 278 300 343 345 366 383 386 387 391 394 
beheading: 164 190 
setting: 144 381 
shrink: 57 160 186 
picture: 271 272 
gashes: 256 
brothers: 262 
083: 56 
082: 56 
081: 56 
felt: 268 
polite: 401 
trailers: 273 
fell: 127 291 
invested: 268 
describing: 272 
aware: 182 208 
jones: 166 192 
younger: 262 
cheated: 268 
together: 37 
(blood: 9 321 
time: 13 23 44 45 57 58 88 285 325 335 344 
serious: 28 340 
prevails!": 299 
stick: 47 
:): 64 67 72 351 
skip: 122 
focus: 266 
manages: 146 383 
assailants: 80 
battle: 172 198 
devoted: 173 199 
/>039: 58 
/>038: 58 
/>035: 58 
/>034: 58 
/>037: 58 
/>036: 58 
father: 33 34 146 184 210 358 383 
/>030: 58 
/>033: 58 
/>032: 58 
"<br: 30 270 342 
bombs,: 172 198 
marks: 57 87 
terror: 58 
express<br: 88 
billionaire: 58 
seemingly: 172 198 
choice: 58 
mouri: 244 293 
stays: 245 
airing: 9 321 
exact: 5 13 325 
solves: 221 293 360 363 
level: 129 366 
did: 23 154 294 335 362 391 
turns: 22 70 292 316 334 
brother: 57 
leave: 221 
item: 258 
he-bugs-me-but-i-love-him: 179 205 
quick: 136 158 355 373 395 
unexpected: 58 
says: 169 195 299 
villa: 58 
dealing: 150 387 
sign: 6 
filler: 363 
/>right: 51 
goes: 69 79 351 
example,: 244 
make: 22 169 195 281 334 
understanding: 47 48 
boy?!"),: 178 204 
along: 240 
say,: 10 288 322 
wait: 278 313 
box: 0 6 29 63 72 137 230 264 275 276 312 341 374 396 
boy: 78 79 81 
flames: 58 
healthy: 161 187 
high-tech: 144 381 
weird: 46 
teenage: 140 160 186 377 
treasure: 176 202 
love: 26 33 54 62 63 67 70 71 126 127 217 218 238 277 291 303 338 349 398 
extra: 273 
prefer: 43 240 
("shinichi": 180 206 
everybody: 282 
voices: 241 
prove: 38 
clues,: 171 174 197 200 
angry: 237 
by: 6 12 24 32 33 34 75 79 165 171 172 179 183 191 197 198 205 209 215 272 274 281 292 324 336 351 359 
organization": 32 
live: 169 195 
wonderfully: 64 
organization,: 33 36 
series,: 28 36 37 119 176 185 202 211 269 340 
laughs: 148 385 
01<br: 83 
series!: 159 
cased: 280 282 
/><br: 11 16 26 30 32 35 44 51 57 58 83 90 96 101 106 113 118 123 136 138 143 146 148 151 159 163 167 172 173 176 180 182 185 189 193 198 199 202 206 208 211 229 238 248 254 266 270 275 276 299 323 328 338 342 355 361 373 375 380 383 385 388 396 401 402 
degrade: 35 
scratches: 256 
cases: 24 171 172 197 198 216 226 253 277 281 293 309 336 360 362 363 
effort: 274 
ventriloquist's: 184 210 
graphic: 9 321 
point;funimation: 282 
originally: 8 320 
wrong,: 122 
can: 6 38 45 50 58 72 80 116 117 142 158 169 195 218 240 251 274 288 298 379 395 
making: 282 
figure: 61 362 
awesome: 122 217 
didn't: 12 157 255 268 274 324 345 394 
confused: 221 
dropped: 171 197 
spanning: 55 
drama: 28 340 
pages,: 53 
,": 161 187 
it!!!!: 262 
1: 0 52 55 57 58 59 161 187 230 231 237 308 351 
/>despite: 113 
fourth: 116 265 270 
tatters: 58 
pint: 22 334 
product: 254 255 285 
information: 226 
may: 36 43 57 160 186 
dive: 53 58 
spot: 57 
birthday: 58 
date: 33 356 
such: 68 158 161 187 395 
man: 172 198 222 
remember: 13 82 218 325 
so: 0 31 36 37 38 39 48 68 115 171 180 181 197 206 207 225 233 238 246 258 277 279 282 298 302 306 315 344 345 350 351 354 401 
midnight: 8 320 
years: 17 31 40 42 44 66 72 167 193 261 297 329 344 
ended: 10 269 322 
episodes: 31 36 37 38 42 52 55 70 110 145 173 181 185 199 207 211 212 231 246 257 264 265 266 267 269 312 314 315 363 382 401 
things:<br: 248 
still: 42 173 199 225 258 283 358 
"q,": 144 381 
sunfish: 58 
/>when: 136 167 193 373 
avid: 319 
police: 163 189 221 281 
he's: 79 165 167 170 182 183 191 193 196 208 209 
interesting: 113 304 
torn: 249 
fiasco<br: 92 
main: 67 277 
happened: 258 268 318 
episode): 175 201 
introduce: 173 199 246 
kids": 40 
tails: 140 377 
half: 47 143 257 380 
not: 0 23 28 39 57 72 117 120 153 162 166 188 192 235 246 257 259 282 286 289 295 335 340 351 363 390 
now: 1 35 40 41 50 51 62 79 80 146 171 197 216 262 352 383 
kids,: 363 
killed: 215 
name: 79 133 152 171 197 226 293 370 389 
/>028: 58 
/>029: 58 
/>026: 58 
james: 143 380 
/>024: 58 
/>025: 58 
/>022: 57 
/>023: 58 
/>020: 57 
/>021: 57 
realistic: 177 203 241 
intrigued: 12 324 
at-times: 37 
gomera!: 58 
year: 47 78 221 224 318 357 
happen: 160 186 222 
amusement: 164 190 
yes,: 42 
factory: 258 
looking: 21 48 314 333 
seriously: 54 
shouldn't: 10 75 322 
formula: 35 227 
rachel's: 170 196 
correct: 46 
goes,: 45 
hefty: 178 204 
previews: 118 
re-release: 230 237 239 
recordings: 55 
card: 157 394 
show,: 113 212 
show-: 354 
happening,: 268 
thing: 2 5 232 
place: 58 
massive: 182 208 
tension,: 174 200 
anime,"only: 299 
childhood: 33 164 190 222 
first: 11 33 37 55 60 61 65 73 114 116 127 136 173 175 199 201 261 264 265 271 291 323 345 364 373 
1-5,: 302 
sneakers;: 272 
conan's: 144 145 146 272 381 382 383 
rachel: 33 34 35 156 169 195 244 356 358 393 
hair-raising: 172 198 
yourself: 47 
long: 22 173 199 292 334 345 
release,: 39 275 
size: 22 334 
given: 149 177 203 359 386 
bare-bones: 396 
caught: 140 377 
plastic: 4 
anyone: 23 26 40 72 125 319 335 338 
2: 0 57 58 59 116 314 
tragic: 57 89 
"literal: 401 
com/gp/product/b000x138za">arthur: 135 372 
fraction: 246 
mostly: 312 
that: 2 9 10 11 13 22 23 32 36 38 40 44 45 69 72 108 113 129 131 136 152 169 172 173 182 195 198 199 208 212 215 218 220 221 223 225 226 229 232 237 238 245 249 253 264 267 268 274 276 277 280 284 298 301 308 313 314 316 321 322 323 325 334 335 351 357 363 366 368 373 389 401 
season: 7 30 50 52 55 56 73 106 161 173 185 187 199 211 230 231 237 261 264 275 277 308 342 351 364 396 
much,: 345 
released: 0 247 298 
premiered,: 40 
eliminated: 34 
mibs: 169 195 
than: 47 153 154 237 390 391 
set-up: 112 
10: 40 42 
television: 58 
14: 220 
sailing: 58 103 104 
1": 173 185 199 211 
were: 45 287 304 309 
gigantic: 45 
1,: 33 
and: 5 9 10 12 13 15 17 18 19 22 25 26 27 28 29 31 32 33 34 35 36 38 39 42 43 44 45 46 48 49 52 54 55 56 58 59 61 62 64 66 68 70 72 79 108 109 112 113 119 122 124 130 132 134 136 137 138 140 142 144 145 146 149 150 157 158 159 160 161 163 165 166 169 171 172 173 174 176 177 179 180 182 183 185 186 187 189 191 192 195 197 198 199 200 202 203 205 206 208 209 211 215 217 218 220 221 222 225 226 228 241 243 244 246 247 253 255 256 259 261 262 265 266 268 275 277 280 283 291 293 294 298 303 304 306 309 311 314 316 319 321 322 324 325 327 329 330 331 334 337 338 339 340 341 343 348 349 350 351 353 354 356 358 360 362 363 364 365 367 369 371 373 374 375 377 379 381 382 383 386 387 394 395 396 399 400 401 402 
mountain: 58 
dollop: 161 187 
fortunately,: 158 395 
turned: 224 
sad: 31 
say: 72 277 311 
sells: 282 
saw: 11 65 323 343 
any: 9 13 36 38 319 321 325 365 
so<br: 401 
aside: 229 
take: 47 116 146 225 383 
bad,: 177 203 
200: 37 
begin: 121 233 
sure: 47 
pain: 116 
normal: 33 
track: 154 391 
price: 401 
spewing: 174 200 
/>019: 57 
visitors: 58 
heard),: 172 198 
pair: 165 191 
pages: 58 
forever: 81 
especially: 150 183 209 387 
considered: 401 
average: 111 
shooter: 57 
ways: 38 
80's: 280 
review: 106 276 401 
detective: 0 16 17 18 20 23 32 44 79 129 140 145 146 160 182 186 208 214 240 246 261 318 328 329 330 332 335 346 355 358 363 366 377 382 383 
drastically: 161 187 
show: 9 10 11 13 16 26 45 60 62 126 127 212 277 280 281 282 283 291 300 303 304 305 312 313 316 317 321 322 323 325 328 338 348 352 365 401 
/>017: 57 
cheap: 312 
while,: 34 
"boy: 143 380 
unfortunately,: 267 
title: 153 390 
bomb,: 53 
/>08: 90 
enough: 28 340 
crime: 79 140 228 268 365 377 
only: 17 21 31 36 38 48 56 82 143 151 245 246 255 270 302 314 329 333 380 388 
going: 42 282 401 
black: 33 34 35 36 40 76 165 191 215 222 226 292 357 360 363 
efficently: 281 
get: 9 23 36 38 44 45 50 121 122 149 216 223 233 259 268 282 314 321 335 386 397 
gold-smuggling: 172 198 
truly: 40 
"denouement: 269 
gem: 8 320 
reveal: 362 
pint-sized: 318 
worries: 158 395 
where: 17 28 163 189 329 340 363 
husband: 276 
dummy): 184 210 
up: 10 15 18 29 48 78 115 140 144 147 159 181 207 249 298 311 315 316 322 327 330 341 348 357 377 381 384 396 
collects: 228 
dives: 108 
fails: 108 
/>018: 57 
/>013: 57 
/>012: 57 
/>011: 57 
/>010: 57 
come!: 72 
/>016: 57 
/>015: 57 
/>014: 57 
/>jimmy: 163 189 
3: 39 52 56 58 239 
between: 145 179 205 382 
ages!: 128 
well-written: 185 211 
screen: 69 271 272 
style: 267 
killing: 58 141 378 
come: 308 
reaction: 278 
talented: 355 
many: 19 29 31 38 44 72 177 181 203 207 261 268 331 341 353 401 
west,: 152 389 
japanese): 43 45 46 
s: 58 
way,: 109 
"for: 40 
fix: 44 
comes: 148 222 385 
among: 172 198 
pop: 172 198 
,: 401 
learning: 34 47 48 
5<br: 58 
spot<br: 87 
considering: 44 45 
awsome: 277 362 
(season: 57 
motives: 38 177 203 217 
academical: 48 
featuring: 140 377 
hardly: 251 
500: 42 45 
shopping: 58 
repaid<br: 98 
careful: 117 
robber: 59 
sound: 33 
danger,: 23 335 
trick: 58 
cast: 146 383 
spotlight": 271 
newspaper: 17 329 
investigating: 303 
life,: 13 325 
fool: 281 
herrings,: 174 200 
then: 225 228 238 262 293 357 
twists: 70 
canceled: 10 31 322 
someone: 38 75 149 386 
impaled: 172 198 
moreso: 41 
solidly-written: 176 202 
different: 0 2 15 109 217 327 
perhaps: 401 
develop: 246 
pay: 314 
same: 1 5 45 129 150 227 231 245 366 387 
check: 132 369 
pam: 351 
-<br: 59 
running: 283 
advertisement: 122 
changing: 401 
cartoon: 8 31 45 51 65 320 
longing: 150 387 
roughly: 111 
without: 24 53 58 336 
solve: 33 164 171 190 197 216 226 319 
relief: 161 184 187 210 
relied: 44 
11: 220 
grumpy: 184 210 
renowned: 17 214 329 
being: 0 33 34 40 110 113 143 148 149 160 177 182 186 203 208 316 380 385 386 
money: 3 45 259 
actress: 58 
(i: 36 
kill: 223 357 
mystery-orientated: 145 382 
touch: 112 
style,: 71 266 
death: 59 
thinking: 36 
seems: 109 184 210 
bigger: 23 335 
grating: 180 206 
real: 151 216 388 
around: 131 225 309 316 368 
unskippable: 119 
30-50: 35 
using: 33 152 171 197 359 389 
lady: 146 383 
serves: 144 184 210 381 
missing:: 267 
rachael: 179 184 205 210 
either: 157 394 
fully: 182 208 
satisfactory: 247 
spans: 35 220 
network),: 45 
together,: 305 
intact: 141 378 
attacks!: 58 
recorded: 51 
legal: 152 389 
moon: 15 327 
moderate: 174 200 
lastly,: 246 
decent: 269 275 
biased: 401 
business: 18 74 330 
each: 109 110 111 119 217 227 
/>004: 57 
hi-jacked: 57 99 
/>006: 57 
/>007: 57 
/>001: 57 
/>002: 57 
/>003: 57 
apartment,: 172 198 
/>008: 57 
/>009: 57 
comparison: 124 
package: 310 
of: 0 4 6 14 17 18 22 27 32 34 35 36 37 39 40 57 58 59 65 68 73 75 78 80 86 90 99 110 111 114 133 136 138 140 141 142 146 147 148 150 151 153 158 159 161 165 172 173 174 177 178 179 182 185 187 191 198 199 200 203 204 205 208 211 214 215 218 219 221 223 230 240 245 246 255 257 261 264 266 267 268 269 271 272 274 275 276 277 282 283 289 290 293 304 305 306 308 311 314 317 318 326 329 330 334 339 343 346 347 353 358 360 363 364 365 370 373 375 377 378 379 383 384 385 387 388 390 395 396 401 
favorite: 142 347 379 
partial,: 56 
murder-mystery: 107 125 
act: 57 
bond: 143 380 
out,: 132 369 
or: 9 26 31 34 37 39 48 81 116 125 129 219 259 292 293 297 321 338 345 366 
grows,: 35 
"quality": 401 
antidote: 169 195 
elementary: 146 147 149 363 383 384 386 
names,: 247 
happening: 356 
japanese-language: 158 395 
her: 33 34 35 150 169 172 184 195 198 210 226 358 387 
jimmy's: 19 184 210 331 
start: 47 313 399 
seasons!: 305 
low: 401 
lot: 138 150 274 277 281 304 308 375 387 
seasons,: 220 
you,: 282 
complete: 5 57 261 263 
trying: 216 362 
with: 13 15 16 22 26 32 33 35 37 46 55 60 67 76 113 118 127 143 144 148 149 150 152 157 158 161 164 169 172 176 181 187 190 195 198 202 207 217 222 226 233 240 269 271 273 291 294 295 307 308 313 315 316 325 327 328 334 338 356 358 362 363 380 381 385 386 387 389 394 395 402 
buying: 36 254 307 
handsome: 140 377 
03<br: 96 
they're: 166 192 
wasn't: 310 
dubbing: 38 314 315 402 
network's: 51 65 
2000's: 300 
1<br: 57 93 103 
gone: 58 234 
doyle</a>: 135 372 
600: 220 
/>overall,: 123 
am: 46 47 67 72 133 153 159 234 235 237 311 351 370 390 396 
deep: 108 
an: 22 26 28 35 37 78 111 146 169 172 173 195 198 199 215 219 223 224 267 316 334 338 340 363 383 
as: 5 26 33 35 45 79 109 129 139 144 166 176 177 184 192 202 203 210 231 237 241 268 276 290 299 310 319 338 366 376 381 401 
at: 8 13 58 120 164 184 190 210 240 311 320 325 
student,: 146 383 
girlfriend: 356 
watched: 137 343 374 
moves: 226 358 
spends: 22 334 
fill: 363 
again: 35 286 292 363 
hasnt: 72 
idiot: 358 
5: 55 56 255 345 
you: 6 36 43 45 47 108 116 121 122 160 162 186 188 233 236 238 240 246 277 282 284 298 313 314 316 350 362 364 397 401 
forcing: 116 
everywhere,: 160 186 
immunity: 58 
anglicized: 162 180 188 206 
/>18: 98 
/>19: 99 
/>14: 95 
/>15: 96 
/>17: 97 
/>10: 92 
/>12: 93 
/>13: 94 
gifts: 57 
included: 270 
remote: 158 395 
moonlight: 57 93 94 
hugely: 129 366 
once: 345 
original: 54 112 231 232 233 241 242 243 247 402 
shinichi,: 140 146 150 377 383 387 
all: 5 9 15 29 34 37 72 128 146 150 158 163 180 189 206 213 229 231 246 262 263 274 305 307 316 321 327 341 344 347 348 351 360 383 387 395 396 
addictive,: 313 
beware: 57 86 
disc: 83 111 116 119 265 270 
outpourings: 174 200 
more,: 247 
follow: 29 341 
disk: 256 
children: 398 
reluctant: 45 
hunting: 58 
tv: 9 14 44 51 311 321 326 
including: 401 
to: 9 10 13 14 21 22 23 25 28 31 33 35 36 38 44 45 47 52 55 69 72 76 78 108 112 116 121 122 124 125 131 132 136 140 141 144 146 148 149 152 161 162 163 164 169 172 173 181 187 188 189 190 195 198 199 207 215 216 220 223 225 226 233 236 237 261 262 263 267 268 271 274 275 277 278 280 282 284 301 306 308 313 315 318 319 321 322 325 326 333 334 335 337 340 344 345 351 352 353 357 358 359 360 362 368 369 373 377 378 381 383 385 386 389 397 399 401 
although,: 48 
case: 0 3 10 14 16 17 31 32 35 37 45 46 57 58 65 69 73 90 93 94 99 106 107 115 140 214 220 246 264 267 268 269 274 275 277 311 315 316 322 326 328 329 343 351 364 377 401 
returning: 169 195 
very: 11 28 29 31 46 71 72 172 173 175 176 198 199 201 202 213 233 307 311 313 319 323 340 341 345 353 355 361 364 
try's: 76 
fan: 44 65 133 153 159 219 261 275 365 370 390 396 
decide: 223 
fall: 158 395 
condition: 250 253 287 
--: 160 161 167 169 171 172 173 182 186 187 193 195 197 198 199 208 
celebrity: 17 329 
list: 57 
these: 1 54 113 344 
along,: 146 383 
small: 160 186 234 
damper: 183 209 
i'll: 307 
quicker: 281 
ten: 78 167 193 
href="http://www: 129 130 133 134 152 366 367 370 371 389 
(whom: 318 
past: 58 
(provided: 171 197 
heralds: 172 198 
investment: 45 
what: 267 268 284 288 314 349 
animes: 45 343 346 353 
richard: 18 33 170 178 184 196 204 210 226 293 330 358 362 
witnesses: 165 191 356 
him,: 141 378 
version: 318 
full: 45 68 145 146 382 383 
hours: 8 137 320 374 
tracks: 79 
500+: 36 
strong: 19 331 
baron: 58 
`jimmy: 16 328 
forgotten<br: 105 
horrified: 167 193 
pick: 29 298 315 341 
action: 144 381 
anime,: 127 240 247 
via: 311 
family: 172 198 
suddenly: 215 
/>031: 58 
/>071: 58 
/>070: 58 
follower: 32 
/>072: 58 
/>075: 58 
/>074: 58 
/>077: 59 
/>076: 59 
/>079: 59 
doyle,: 153 390 
establish: 23 335 
story,: 113 353 
flaws: 113 124 
takes: 133 293 358 370 
contains: 264 
finally: 44 136 344 373 
rampo</a>: 134 371 
crime-solving: 176 202 
compensate: 144 381 
6: 298 345 
mysterious: 32 57 59 90 165 169 191 195 
minor: 124 151 388 
more: 38 154 177 203 241 269 281 296 305 315 391 
teen: 16 328 
flaw: 114 
company: 274 286 315 
releases,: 396 
discovering: 360 
basically: 35 
particular: 132 369 
known: 401 
karaoke: 58 
keeping: 80 141 378 
(dog-riding!: 176 202 
remain: 81 
exact):<br: 57 
dazed: 221 
knocked: 33 165 191 
nothing,: 172 198 
sleuth: 74 
seventeen-year-old: 214 
sense: 57 177 203 
!: 59 
huge: 120 133 256 370 
needs: 28 340 
english-language: 154 391 
yu-yu: 122 
goal: 263 
rather: 149 150 153 237 386 387 390 402 
hampered: 179 205 
"whodunit": 266 
explains: 318 
ensemble: 146 383 
funny,: 68 
/>after: 299 
genius,: 163 189 
child-sized: 141 378 
soundtrack: 158 395 
idiocy: 181 207 
blood: 174 200 
action/adventure: 145 382 
funiamation: 301 
a: 15 16 17 21 22 23 26 27 32 33 36 40 44 45 47 48 52 53 57 58 60 65 72 76 78 79 80 81 98 107 108 110 112 113 116 119 120 123 129 133 136 137 138 139 140 141 142 146 147 148 149 150 151 153 154 158 159 160 161 163 164 165 169 170 172 173 174 176 177 178 182 183 184 185 186 187 189 190 191 195 196 198 199 200 202 203 204 208 209 210 211 212 214 215 219 220 221 222 228 230 234 239 243 246 247 251 261 264 266 268 269 271 272 273 274 275 276 277 280 281 292 294 302 304 308 310 315 318 319 327 328 329 333 334 335 338 339 348 352 353 354 355 356 357 358 361 363 365 366 370 373 374 375 376 377 378 379 383 384 385 386 387 388 390 391 395 396 397 401 
chiefly: 212 
on),: 180 206 
(at: 37 
shady: 222 356 
dragon: 15 122 327 
generic: 212 
cases,: 33 35 
playing: 142 379 
that's: 42 
(after: 33 
viewer,: 268 
help: 25 144 146 147 226 337 381 383 384 
/>09: 91 
don't: 9 43 122 127 157 280 284 321 394 
/>07: 89 
/>06: 88 
/>05: 87 
/>04: 86 
/>03: 85 
/>02: 84 
/>01: 83 
held: 66 
scientist: 168 194 
through: 32 47 171 197 293 
committed: 304 
its: 3 4 5 6 9 15 28 152 180 206 313 321 327 340 354 389 
26: 45 
20: 39 
21: 111 
heroine,: 184 210 
solving: 16 17 24 35 142 268 281 328 329 336 379 399 
actually: 247 
strange: 160 186 
might: 39 45 
ally: 144 381 
edogawa": 171 197 
it,: 44 284 
good: 37 150 213 247 288 294 348 354 361 387 
return: 259 
it): 38 
it!: 307 
idols: 57 
edogawa;: 271 
yu: 347 350 
association: 152 389 
sucked: 137 374 
mystery: 12 26 27 57 58 96 142 161 176 185 187 202 211 212 213 220 266 303 324 338 339 354 379 
designation: 57 
always: 41 69 132 295 369 
all,: 299 
events: 399 
also,: 154 242 391 
isn't: 314 
mystry: 238 
cheaper,: 233 
needless: 10 322 
house: 226 
fish: 57 87 
hard: 181 207 306 352 
ball: 15 122 327 
expect: 174 200 
blues: 57 58 
murders: 217 
("little: 178 204 
really: 13 260 315 316 325 353 
try: 61 162 188 
solved: 267 351 
since: 15 65 183 209 218 327 
america,: 127 
7: 318 
jimmy,: 179 205 318 
jimmy): 35 
guess: 314 
reason: 132 139 218 255 369 376 
base: 23 335 401 
members: 140 215 377 
put: 247 
teach: 46 
beginning: 29 173 199 318 341 
bumped: 38 
com/gp/product/0804803196">edogawa: 134 371 
terrible: 45 
expecting: 136 373 
/>1: 248 
major: 124 
dont: 1 72 401 
feel: 212 241 
(their: 33 
number: 12 266 324 
valentine: 57 
sailor: 15 327 
done: 157 266 394 
mist: 58 
regret: 177 203 282 
passes: 313 
story: 22 32 140 221 240 292 294 334 377 
": 144 154 155 381 391 392 
/>what: 180 206 
swipe: 158 395 
player: 64 
assumption: 401 
endearing: 37 182 208 
(his: 35 
store: 57 172 198 
witnessing: 292 
first,: 120 184 210 
option: 401 
relationship: 35 
trapped: 148 385 
from,: 133 370 
park: 164 190 
/>062: 58 
/>063: 58 
/>060: 58 
/>061: 58 
/>066: 58 
/>067: 58 
/>064: 58 
/>065: 58 
gruesome: 164 190 
/>068: 58 
/>069: 58 
endlessly: 182 208 
grace: 14 326 
serious,: 354 
king: 59 
kind: 0 37 
supposed: 223 308 357 
toward: 277 399 
black-coated: 140 377 
dart,: 33 
awaking: 78 
mahjong,: 56 
alike: 354 
one,": 136 373 
ratings: 45 
also: 0 6 15 20 36 117 140 147 176 178 182 202 204 208 214 298 327 332 377 384 
semi-date,: 21 333 
aired: 8 280 300 320 
murderous): 172 198 
sets: 0 1 39 50 312 
reach: 39 
most: 9 18 57 74 267 314 321 330 364 365 
nothing: 109 
seasons: 237 263 298 301 302 307 363 
extremely: 31 352 
approved: 400 
5-6: 111 
sometimes: 277 354 
/>funimation,: 30 342 
part: 57 58 59 93 94 103 104 218 364 
brother<br: 97 
usual: 176 202 
authors: 133 370 
tranquilizer: 33 
relation: 36 
stalker: 58 
melody: 58 172 198 
fine: 310 
find: 26 33 45 78 142 169 195 251 306 338 352 379 
believe: 44 
convinced: 284 
unhappy: 58 
airtime: 9 321 
pretty: 117 145 170 172 176 182 196 198 202 208 227 249 382 
8: 224 
his: 17 18 21 25 29 33 34 35 75 80 133 141 142 144 147 164 168 169 172 179 180 183 190 194 195 198 205 206 209 216 222 277 278 329 330 333 337 341 356 359 360 370 378 379 381 384 
hit: 356 
"character: 271 
express: 57 
cheaper: 5 230 
famous: 32 140 377 
rest: 22 138 159 173 199 334 375 396 
him: 19 22 23 24 76 140 144 146 163 189 215 222 223 224 225 331 334 335 336 357 359 377 381 383 
store<br: 99 
mastermind<br: 96 
obscure: 174 200 
poisoned: 22 32 172 198 334 
wrote: 276 
locating: 6 
z,: 15 327 
seventeen: 17 329 
set: 5 29 39 52 63 72 115 137 138 230 256 264 266 274 275 276 308 341 351 374 375 396 
art: 57 71 91 
scenes: 212 
see: 36 43 45 181 207 268 277 278 301 401 
are: 1 38 41 45 68 110 112 115 122 124 145 150 152 161 172 177 179 180 187 198 203 205 206 213 232 233 241 250 253 270 277 288 312 360 363 382 387 389 397 
"famous: 129 366 
movie: 58 277 
please: 30 342 
kid's: 148 385 
fans: 354 
secret,: 80 
probably: 14 40 326 
knowing: 24 274 336 
unconscious: 165 191 
missing: 53 56 58 
robber,: 56 
genre: 15 327 
(especially: 45 
last: 39 53 58 
prepubescent: 179 205 
fan,: 219 319 
sensitive: 184 210 
became: 155 156 268 392 393 
forgotten: 58 
however,: 13 54 213 295 325 
whole: 154 351 391 
finds: 140 377 
experimental: 22 334 
liked: 13 325 
point: 13 37 163 189 325 
loan: 57 98 
whatever: 39 
likes: 26 319 338 
fun,: 138 354 375 
primetime: 9 321 
dub: 154 240 294 295 296 315 391 
due: 35 152 389 
pc: 51 
secret: 140 169 195 377 
4: 39 110 
lived: 129 366 
edagawa: 225 358 
else: 124 
coincidentally,: 20 332 
understand: 274 399 
funi: 38 
noticeable: 114 
solid: 161 185 187 211 
armor,: 172 198 
while: 80 141 150 170 173 184 196 199 210 216 222 352 356 378 387 
fun: 212 
transformation,: 183 209 
dubs!: 247 
swim: 60 65 127 300 343 
triple: 58 
/>058: 58 
/>057: 58 
/>056: 58 
/>055: 58 
/>054: 58 
/>053: 58 
/>052: 58 
/>051: 58 
/>050: 58 
funny: 277 
anymore: 314 
origonal: 360 
complaints: 314 
classmates: 147 384 
james-bondian: 171 197 
bonus: 265 270 274 
mistake,: 243 
usually: 178 204 267 
moment: 142 351 379 
uses: 46 79 
<a: 129 130 133 134 152 366 367 370 371 389 
early: 10 300 322 
spent: 137 374 
com/gp/product/b00143xe64">one: 131 368 
organization: 34 35 40 76 140 215 377 
yet!: 72 
couldn't: 259 
case<br: 91 
"conan": 152 389 
point,: 150 387 
twenty-six: 264 
world: 74 283 
can't: 278 313 
kidnapping<br: 106 
reverted: 215 
complaint: 118 
lacking: 54 
big: 57 84 146 148 243 383 385 
showing: 145 382 
game: 57 58 
bit: 17 161 187 329 
comedy,: 348 
distance,: 35 
follows: 221 227 
arthur: 153 390 
continue: 315 
popular: 129 139 140 366 376 377 
1412: 59 
mahjong: 59 
often: 46 177 203 
plot,: 173 199 
absolutely: 63 126 
pals: 180 206 
some: 21 46 109 144 152 171 176 179 197 202 205 268 333 349 381 389 401 
back: 110 146 149 216 259 280 300 360 383 386 
religiously,: 121 
savage: 172 198 
gradually: 25 337 
reruns: 44 
hints,: 171 197 
culprit: 25 61 228 337 
moore): 222 226 
sneakers: 272 
be: 9 28 38 39 45 57 58 116 158 159 220 233 243 307 321 340 358 395 396 401 
run: 52 
"conan: 171 197 
"junior: 147 384 
continuing: 237 
fed: 215 
intense: 28 340 
standalone: 173 199 
/>25: 104 
/>24: 103 
/>26: 105 
/>21: 101 
/>20: 100 
/>22: 102 
day!<br: 138 375 
classics: 290 
wanna: 72 
seeing: 122 345 
jimmy: 21 22 25 29 32 33 74 78 155 161 167 171 181 182 187 193 197 207 208 214 221 223 244 281 292 333 334 337 341 355 358 392 
eight-year-old: 215 
into: 22 45 108 110 125 160 184 186 210 224 226 292 318 334 348 352 353 357 363 397 
repaid: 57 
fast: 121 306 
eventhough: 233 
camera: 57 
suit: 172 198 
gifts<br: 90 
edagawa,: 360 
opens: 278 
himself: 78 140 147 182 208 318 377 384 
inept: 170 178 196 204 
(racheal: 222 
properly: 246 
library: 275 
fishy: 21 333 
hopes: 23 335 360 
line: 294 349 
junior: 363 
flickers: 179 205 
hasn't: 173 199 
us: 9 321 
kogoro: 293 
z: 122 
prevails: 29 82 341 
moonless: 58 
worthwhile: 40 
funimation: 38 44 136 154 237 246 247 296 305 314 373 391 396 
(maybe: 401 
single: 36 137 256 374 
cure: 142 379 
phantom: 59 
detevtive: 292 
occasional: 363 
actors: 294 
department: 57 99 172 198 
excellent,: 240 
nice: 112 166 192 
/>fortunately: 182 208 
tomoyo: 157 394 
problems: 161 172 187 198 
/>048: 58 
/>049: 58 
allowing: 309 
/>040: 58 
/>041: 58 
/>042: 58 
/>043: 58 
/>044: 58 
/>045: 58 
/>046: 58 
/>047: 58 
ago: 60 345 
dvd: 36 50 55 63 64 72 136 253 264 275 276 309 373 
age: 360 
required: 9 321 
2003: 280 
back,: 352 
2004: 65 
she's: 184 210 
having: 148 385 
evenly: 145 382 
partial: 52 
saying: 235 
scratch: 117 251 
illustrated: 58 
gang: 147 384 
go: 58 136 274 373 
fascinated: 351 
alibis,: 172 198 
young: 355 
amy<br: 95 
helps: 23 335 
kiddnapping: 277 
include: 401 
friendly: 400 
sent: 149 386 
annoy: 162 188 
"emotional": 241 
continues: 142 379 
telling: 140 377 
entire: 45 137 311 374 
fast-paced: 185 211 
knight: 58 
help,: 48 
4<br: 58 
detective,: 140 170 196 377 
concluded: 173 199 
gripping: 113 
sensation: 16 328 
jump: 353 
video: 54 
picked: 311 
reunion: 58 
blood'n'gore: 174 200 
odd: 150 176 185 202 211 387 
lower-priced: 396 
payoff,: 165 191 
set,: 267 
plays: 64 
mayhem,: 58 
man's: 174 200 
access: 116 
waiting: 49 
[adult: 51 52 55 
holmes,: 32 
amnesiac,: 172 198 
body: 22 33 78 141 144 148 179 205 216 334 378 381 385 
04<br: 101 
lee: 166 192 
let: 277 
kidnapped: 57 58 85 95 
great: 27 138 253 305 306 315 316 339 375 397 
"conan's: 272 
/>005: 57 
involved: 12 324 
episodes,: 111 213 220 265 
one): 315 
time-to-time: 147 384 
opinion: 14 326 
makes: 2 
episodes:: 53 56 
thats: 349 
holmes: 182 208 
named: 214 221 
piece</a>,: 131 368 
names: 162 180 188 206 242 243 245 
already!!!: 30 342 
use: 46 223 
from: 11 12 29 34 52 147 148 149 152 163 169 178 189 195 204 212 286 323 324 341 351 363 384 385 386 389 
next: 137 138 297 313 374 375 
few: 60 173 199 232 233 
doubt: 38 
kogorou),: 33 
crab: 58 
/>case: 266 361 
themselves: 26 310 338 
popped: 136 373 
on: 6 8 9 11 21 29 36 44 45 51 60 65 69 75 80 127 129 142 145 164 172 183 190 198 209 223 226 234 251 266 267 270 283 291 293 300 320 321 323 333 341 343 356 364 366 379 382 401 
started: 60 300 345 
becomes: 32 180 206 
trail: 80 
train: 58 172 198 
mystery,drama,action,: 348 
hints: 25 337 
customer: 72 
wakes,: 167 193 
this: 8 9 10 12 23 24 29 36 40 45 47 49 60 62 63 72 116 126 127 136 150 157 185 211 217 218 219 230 233 238 247 256 258 260 266 267 268 271 272 274 276 282 286 289 300 303 306 312 313 315 317 318 320 321 322 324 335 336 341 346 347 348 349 350 351 352 373 387 394 396 398 401 
us,: 44 
drops: 25 337 
control: 158 395 
weaker: 3 
spying: 75 
butt-kicking: 184 210 
high: 32 140 214 310 377 
(strange: 133 370 
something: 354 356 
nitpicky: 151 388 
counterfeit: 58 106 
summers: 60 
six: 30 265 342 357 
arrangement: 114 
bilingual: 46 
instead: 141 224 378 
mysteries: 37 142 161 173 187 199 218 219 221 266 319 351 353 379 399 
"denouement,": 267 
stop: 282 
burgeoning: 183 209 
collection: 3 5 6 185 211 311 314 351 
psyche,: 108 
element: 267 
boxing: 2 
unbreakable: 172 198 
wedding: 57 100 
wow,: 217 
won't: 48 225 
cruise: 172 198 
mentioned: 363 
outer: 255 
inconsistencies: 176 202 
dad: 169 170 195 196 226 
bumbling: 146 383 
practice: 402 
kiss: 149 386 
day: 21 47 48 57 100 137 222 315 333 356 374 
com/gp/product/b002s4doa4">naruto</a>: 367 
cimmerian</a>: 153 390 
comedy: 362 
toes: 364 
slide: 309 
truth: 29 34 82 299 341 
times,: 122 
doing: 154 222 391 
700: 283 
related: 35 
80: 55 
special: 112 
(considering: 40 
shallow: 349 
your: 219 275 362 364 
time,: 347 
summary<br: 355 
/>here's: 57 
red: 174 200 
fanmail: 163 189 
completely: 15 67 255 327 
hostile: 172 198 
dubbed: 110 
could: 13 39 61 325 
(hopefully: 315 
times: 163 189 
dvd's: 306 
there: 9 15 25 27 38 45 132 139 152 178 179 204 205 233 277 309 317 321 327 337 339 346 354 363 369 376 389 
fleshed: 184 210 
konan: 261 
puppet: 33 
sharp-witted,: 182 208 
short,: 22 292 334 
quality: 54 306 310 
doesn't: 77 232 252 284 
identity,: 34 
festival: 57 92 
/>note:: 396 
their: 35 122 140 177 181 203 207 243 377 
wrapped: 258 
perfectly: 253 
final: 273 
adopts: 142 379 
accompany: 271 
stars: 255 
exactly: 1 
"babying": 150 387 
goblin: 58 
neck: 174 200 
loved: 218 262 279 345 
tommy: 166 192 
decided: 237 344 
assumes: 318 
rollercoaster: 164 190 
light: 28 340 
hakusho: 347 350 
shrinks: 141 378 
dub,: 295 
have: 10 13 36 41 44 51 55 65 68 75 113 162 169 188 195 215 218 232 234 242 247 265 277 298 319 322 325 351 362 365 
need: 282 
serios: 277 
/>my: 118 
purchasing: 286 
which: 37 179 205 240 267 272 302 318 
viridian: 311 312 314 
moore's: 20 332 
unless: 36 
neccessity: 401 
who: 26 61 72 125 140 146 147 182 208 214 221 225 280 281 303 338 355 357 358 360 362 377 383 384 
dubs: 43 
very,: 173 199 
poison,: 142 379 
but: 0 9 12 15 17 28 41 45 77 121 122 127 131 132 146 153 154 161 164 170 177 187 190 196 203 212 215 233 240 247 255 269 274 277 306 310 312 314 321 324 327 329 340 345 349 352 357 368 369 383 390 391 401 
delve: 45 
highschool: 40 292 
future: 296 
class: 15 58 327 
sub/dub: 112 
prickly: 58 
fiasco: 57 
fact: 39 182 208 
son: 306 
richard): 33 
text: 271 
one,: 12 324 
"viridian: 396 
rough: 160 186 
spotty,: 161 187 
pleased: 311 
should: 169 195 215 243 247 
piano: 172 198 
local: 17 58 329 
/>but: 172 176 198 202 401 
hope: 226 305 315 
watching: 48 54 60 137 276 300 345 351 374 
mainly: 184 210 
overall: 154 354 391 
ones: 225 
words: 46 
chance,: 45 
brain: 362 
button,: 158 395 
she: 20 332 
blues<br: 100 
amazing,: 124 
guessing: 108 
/>the: 16 35 148 151 275 294 328 355 385 388 401 
computer: 58 
end,: 36 
2<br: 57 94 104 
horribly: 221 
tend: 121 122 
genius: 149 160 182 186 208 221 386 
written: 353 
druged: 225 
closed: 3 14 31 32 35 37 45 46 73 106 107 136 153 173 185 199 211 214 220 264 266 269 274 275 277 282 311 315 316 326 343 351 361 364 373 390 401 
frustrated: 183 209 
bought: 256 308 312 
ends: 18 78 268 330 357 
com/gp/product/0345461517">conan: 153 390 
job: 294 
synonomous<br: 401 
spoil: 72 
com/gp/product/b000fgfbwq">naruto</a>: 130 
hobo: 56 59 
(please: 38 
drug: 22 32 76 223 292 334 
/>i: 11 159 276 323 396 
/>080: 59 
/>081: 59 
/>082: 59 
/>083: 59 
subtitle: 401 
ambushed: 215 
clues: 176 202 228 
packaging: 3 6 314 
conan,: 240 246 
debutante<br: 85 
four-disc: 264 
it's: 15 28 40 42 44 53 120 123 160 176 181 185 186 202 207 211 212 280 299 327 340 
copies: 55 
shame: 302 
agasa: 144 169 195 381 
releasing: 301 315 
protect: 225 
watches: 222 
present: 278 
assailant's: 79 
unlike: 353 
will: 23 26 38 47 58 72 81 159 166 192 226 246 257 296 305 315 335 338 362 364 396 398 399 
richard's: 58 360 
owns: 36 
will!: 284 
discoveries: 146 383 
overall,: 37 247 269 
almost: 137 220 283 313 374 
thus: 44 
idols<br: 86 
sherlock: 32 143 182 208 380 
hearted: 28 340 
flaws?: 180 206 
japan): 220 
ransom: 58 106 
of!: 0 
): 39 
underwhelmed: 274 
romance: 161 179 183 187 205 209 
nod: 401 
act<br: 102 
closed!(: 0 
gets: 17 22 33 75 147 163 189 215 329 334 384 
difficult: 221 
kidnapping: 58 
valentine<br: 89 
rightfully: 401 
premiere: 185 211 
effect: 32 
lights,: 57 
preteen: 180 206 
varidian: 3 5 6 
student: 140 214 377 
dust: 18 330 
whale: 58 
identity: 169 195 
off: 16 21 58 105 138 140 142 145 328 333 375 377 379 382 
i: 0 5 9 11 12 13 31 36 38 44 45 46 47 50 51 54 55 60 62 63 65 67 70 71 72 113 125 126 127 128 129 131 132 133 136 137 138 152 153 157 217 218 219 234 235 236 237 238 239 240 243 247 251 255 256 258 259 260 261 268 269 274 277 280 284 285 286 288 291 300 301 305 308 310 311 312 314 315 316 321 323 324 325 343 344 345 349 350 351 366 368 369 370 373 374 375 389 390 394 397 401 
weapon: 58 
well: 26 64 176 202 222 274 319 338 353 364 
fighting: 79 
thought: 343 
/>: 229 238 
shrink<br: 84 
english: 46 57 110 277 295 
latest: 79 
restore: 33 
sonata: 57 93 94 
enemy,: 40 
less: 3 47 
closed/detective: 65 
dose: 178 204 
protecting: 253 
untested: 223 
wee: 8 320 
price,: 45 
smith: 166 192 
realize: 152 389 
add: 144 381 
other: 46 48 118 143 237 298 307 353 363 380 
attractive: 314 
balloons: 149 386 
holmes": 143 380 
fate: 21 333 
rachel,: 19 164 190 331 
know: 0 225 280 284 
immediately: 11 323 
like: 33 146 157 212 262 281 297 313 315 345 350 363 383 394 396 397 
fingerprints: 58 
sized: 146 383 
/>season: 57 58 83 
/>027: 58 
page: 273 
shinichi: 140 141 142 155 244 292 377 378 379 392 
because: 3 5 18 29 72 133 239 241 255 257 268 282 330 341 348 370 
sequence: 399 
thief: 59 
alive: 225 358 
personally<br: 402 
racking: 362 
happens: 33 228 267 358 
lead: 226 
corpse: 172 198 
does: 24 150 232 336 387 
masked: 59 
how: 217 399 
murdered: 58 
accompanied: 272 
amy: 57 
easily,: 117 
about: 36 45 143 182 208 280 281 355 380 
getting: 10 18 41 322 330 360 
shipping: 306 
carries: 111 
overarcing: 173 199 
own: 15 122 263 327 402 
polished: 138 375 
debutante: 57 
promise: 161 187 
tiny: 179 205 
behind: 347 
whom: 319 
epilogue: 267 
museum: 57 91 
noticed: 17 113 329 
kooky: 168 194 
/>there: 146 270 383 
buy: 233 235 236 238 261 284 344 350 
series!<br: 396 
i've: 44 49 261 302 
brand: 256 
overlapping: 115 
/>this: 26 44 254 338 
he: 17 18 23 24 32 33 75 79 81 142 146 149 163 164 165 169 172 189 190 191 195 198 215 216 222 225 226 277 278 293 329 330 335 336 356 360 379 383 386 
made: 4 51 147 283 384 
wish: 269 401 
smooth: 58 103 104 
this,: 47 132 369 
excitement: 29 341 
record: 285 
stories: 41 
bride,: 172 198 
problem: 38 
minutes: 111 
friend,: 168 194 359 
strikingly,: 177 203 
conan: 32 33 34 35 44 45 58 65 69 79 80 133 135 142 144 147 148 150 153 159 220 225 245 271 272 293 299 358 363 370 372 379 381 384 385 387 390 396 
kind,: 182 208 
subtitles: 295 
diplomat: 58 
compared: 46 
nonetheless: 12 324 
rabbit-shaped: 149 386 
4,: 116 
book: 53 58 
/>disc: 83 90 96 101 
out: 33 40 61 116 147 184 210 222 346 362 384 
/>"case: 143 173 185 199 211 380 
again,: 345 
in,: 42 
chance: 261 
kinda: 180 206 
death,: 172 198 
mastermind: 57 
ghost: 58 
ranks: 15 290 327 
extras: 232 233 308 309 
