/>of: 432 
versatile: 436 
/>on: 477 
child: 539 
dynamic: 896 
four: 660 
96k: 662 
woody: 407 
hate: 554 
(which: 67 
marching: 274 327 
skill;: 327 
up,: 224 341 406 
paris: 554 
10)of: 229 
unnecessarily: 744 
vc-1<br: 645 
worth: 91 199 224 339 365 432 479 630 632 637 658 854 
@: 315 
updated: 129 
hdtv: 340 544 
every: 3 148 541 546 560 588 636 649 652 675 702 719 903 907 910 
jack: 859 
bringing: 65 
tickets: 769 
owning: 550 
skills: 44 
hdtv</a>: 107 
present,: 404 
standout: 740 
seemlessly: 138 552 
enjoy: 114 116 128 207 221 248 255 396 488 561 591 654 726 816 914 
particulary: 857 
me": 908 
me,: 147 159 711 794 812 
/>movie: 99 
elegant: 837 
second: 400 527 562 830 
fabulous: 916 
others,: 83 
kuros: 895 
dual-acoustic: 129 
quite: 603 604 608 896 
me:: 156 
even: 28 33 47 55 70 96 196 242 329 340 380 389 396 424 479 488 561 581 595 629 635 683 730 747 793 806 824 843 861 
duos: 731 
lights: 461 682 
leave,: 5 40 
above: 72 171 
new: 14 37 64 92 110 118 221 235 253 357 364 370 372 381 391 401 410 414 498 500 590 650 713 812 818 875 895 907 908 
ever: 2 195 198 231 270 290 398 442 509 541 548 588 652 656 673 697 747 833 
reasons,: 61 
never: 23 183 232 247 332 341 429 446 534 539 564 618 642 657 701 719 768 787 798 
here: 3 53 276 322 357 405 409 411 465 675 733 898 
studio: 37 500 522 
accustic: 114 
100: 78 764 
aren't: 396 
bitrate: 340 
remotely: 730 
luther: 6 20 27 29 60 67 70 75 76 119 122 128 220 236 255 326 358 365 387 401 402 404 413 498 513 514 572 853 855 890 
voice: 55 351 435 775 
daughter: 163 
uplifting: 314 
truehd,: 335 
items: 477 
44: 664 
credit: 27 
i'd: 132 345 493 534 545 606 609 768 810 890 911 
i'm: 164 240 291 345 553 611 612 620 627 694 702 791 809 856 861 868 873 
york: 818 
criticism: 42 
ref-guide: 110 
fantastic: 34 40 43 381 410 778 915 
highly: 59 95 216 542 561 670 711 737 828 829 919 
brought: 314 
anywhere,: 396 
war): 90 
audiophile,: 667 
surrounds,: 606 
would: 10 27 42 159 185 216 234 278 283 325 329 339 358 386 418 496 522 532 534 555 562 591 593 598 612 624 625 627 670 684 743 747 816 880 893 918 
choosey: 400 
music: 15 27 51 52 72 84 90 96 109 112 142 147 195 202 204 208 226 238 240 259 276 278 281 310 319 376 377 387 402 469 505 521 526 596 599 600 620 643 667 686 698 710 715 748 765 788 818 845 851 853 857 908 909 
"luther: 213 
recommend: 278 449 601 711 737 828 829 919 
/>two: 567 
type: 228 410 
until: 68 247 798 
breathe: 64 
show,: 862 
relax: 261 
brings: 115 148 284 359 580 775 
hurt: 45 
mathew: 323 
excellent: 9 39 93 111 136 187 190 249 391 432 552 564 567 621 708 771 824 877 
93: 100 
print,: 314 
must: 0 15 111 123 169 178 191 197 227 230 288 423 443 537 571 581 611 613 635 649 674 681 693 832 835 916 
me: 74 146 151 157 170 219 238 245 280 281 283 315 316 418 424 429 473 475 496 497 532 554 625 738 749 783 788 796 856 911 
kraus: 550 
bartender: 671 
room: 80 377 585 587 619 700 
1997: 370 
presentation: 342 344 463 466 
setup: 372 423 
work: 38 63 149 214 301 385 508 516 526 538 547 604 627 644 711 912 922 
personally,: 686 
movies: 440 
incomparable: 612 
era: 271 
mr: 767 768 
im: 797 
my: 5 12 33 42 58 74 80 88 89 90 92 104 132 159 163 174 180 184 192 219 235 237 241 242 246 255 287 327 348 367 372 413 416 417 473 498 501 506 522 537 550 562 582 587 602 612 618 625 636 662 671 675 689 769 798 802 810 849 852 860 873 876 881 918 
example: 44 223 224 554 739 
give: 625 684 722 853 
minimum:: 159 
want: 19 135 145 158 281 310 381 505 711 908 
mouth": 280 
times: 157 220 240 269 556 787 842 878 
attract: 845 
absolute: 159 598 
around,: 448 
end: 74 156 309 329 396 808 909 
turn: 47 461 682 
(48khz/24bit),: 419 
sitting: 738 763 879 
feature: 544 827 
khz/24bit): 419 
how: 6 23 27 64 89 201 206 212 281 392 481 532 574 654 666 711 887 909 
amazing: 0 1 26 30 64 66 71 85 212 223 233 250 326 383 426 459 474 476 672 683 696 711 727 730 754 773 912 915 
"tim: 513 
interview: 0 
disappoint: 574 
widespread: 370 
it!!: 894 
(once: 649 
believers: 278 
after: 132 133 213 241 329 543 629 689 713 871 874 887 
wrong: 20 299 485 
mesh: 716 
mindblowing,: 327 
yuppy): 281 
"live: 70 498 505 
purchase: 670 673 694 708 776 880 883 885 
chills: 775 
overtaken: 404 
/>stunning: 646 
mid-90's: 146 
appreciate: 162 788 835 909 
think: 20 28 76 163 280 290 307 330 370 505 512 545 747 834 873 
allison: 550 
keeps: 214 
worst: 321 
over: 29 86 177 206 229 369 544 558 703 706 751 802 836 841 863 918 
satisfied: 499 
blatent: 132 
/>audio<br: 645 
choices,: 54 
digest: 342 
before: 23 183 229 341 401 406 470 471 657 701 719 
40": 544 
fit: 148 555 
personal: 12 473 587 656 796 
/>running: 99 
40+: 240 
,: 332 803 
writing: 39 
better: 6 17 70 84 119 120 322 410 444 445 488 523 524 556 572 600 631 683 780 834 853 856 858 898 
production: 42 96 448 511 743 
then: 120 286 339 365 415 494 572 573 691 705 722 827 
them: 11 44 115 251 256 289 347 416 564 722 732 757 822 
"lie: 226 410 
combination: 500 
band: 12 27 28 51 66 146 150 152 194 302 350 351 386 452 497 522 523 563 611 612 811 816 
"betrayal": 711 
"crash": 58 
dolbytruehd: 419 
they: 5 9 34 36 120 134 141 181 242 252 256 305 318 347 396 422 426 433 504 556 561 585 619 663 788 794 873 
piano,: 300 
yourself: 19 443 583 
gloom: 505 
shabby,: 379 
terrific!: 851 
composition: 327 
explode: 809 
filling: 121 
43,46: 99 
each: 65 157 214 251 734 915 
addicted: 35 
acoustic: 9 15 39 89 95 96 111 149 179 327 332 463 498 516 532 535 612 614 615 675 696 711 715 717 748 782 821 823 840 842 851 853 856 901 
went: 414 594 
anit-war: 131 
cornbread: 35 282 
mean: 8 227 343 355 365 472 
phenomenal!: 109 
shows,: 671 
diana: 550 554 
venue: 620 
video/audio: 324 
trading: 223 
release,: 498 
"fluffy": 284 
message: 276 278 625 
different: 9 275 425 552 554 814 862 
com/gp/product/b000sql4zq">dave: 204 
god: 286 
monitor: 700 
content: 236 469 881 883 
bonus: 423 827 
day,: 27 
daniel: 46 407 
matthew's: 39 53 435 825 
is-: 894 
is,: 146 
got: 0 125 132 257 295 418 700 798 871 886 
guitarists: 741 
available,: 52 
them??: 612 
you're: 149 150 260 261 265 338 400 438 748 771 812 
given: 401 650 
free: 666 
unfailing,: 55 
$22,: 87 
masterpiece: 160 844 
vets: 316 
people's: 314 
hand: 380 846 
created: 812 
d&t: 222 224 
"this: 407 
flawless: 67 157 
musicians: 204 213 336 567 598 686 782 915 
tied: 680 
arrived: 707 
loud: 644 
i,: 686 
"crush": 91 775 842 
flick: 879 
artistry: 697 
picture!!!: 419 
features: 419 
steroids: 615 
subtlety: 277 
video<br: 645 
rants,: 202 
hearing: 132 133 
channels: 552 
rant: 90 
another: 75 77 163 200 580 612 614 826 871 
clarity: 106 376 548 577 
rated: 609 
service: 708 
bit-rate: 336 
top: 11 190 258 399 419 448 699 720 
basically,: 567 
master: 616 842 
too: 56 259 351 355 391 462 560 592 593 756 771 836 
2-disc: 46 
john: 283 550 
ranging: 66 
listen: 39 65 68 135 156 157 162 165 168 169 307 310 330 401 558 570 636 644 649 674 714 853 
noch: 699 
magic!: 915 
serve: 532 
took: 691 
sync: 696 
khz/24: 746 
blissfull: 850 
/>it's: 254 904 
was,: 493 887 
appeal,: 147 
prefers: 811 
scenes: 827 
99: 364 
matter: 698 
<br: 23 29 50 77 131 139 142 143 158 162 165 167 168 169 184 212 216 222 244 254 286 293 294 307 321 325 330 337 339 341 342 346 348 352 363 366 374 379 381 388 395 399 403 405 407 410 412 432 437 447 450 456 462 469 475 477 484 489 492 509 546 566 573 599 614 621 628 637 647 654 680 699 707 709 720 721 755 756 776 787 789 828 836 837 838 839 842 843 845 853 854 857 859 873 876 894 899 904 
speaking: 472 
to,: 260 261 
acoustics: 620 815 
feeling: 316 849 
rate:: 99 
/>thanks: 839 
portraits: 49 
did!<br: 594 
mind: 598 
mine: 659 884 
talking: 21 22 42 73 144 592 593 597 697 698 831 
rap: 318 
seen: 94 152 217 219 240 269 290 446 497 597 782 
seem: 50 141 233 242 396 
sounding: 440 442 487 
/>conservatives: 131 
tells: 528 687 831 
ray: 418 419 420 423 444 718 723 725 766 780 795 797 
guys,: 533 
viewing,: 655 
realm: 276 
mostly: 137 
latter: 843 
-: 103 240 255 256 348 352 357 358 363 405 550 552 554 555 680 750 794 854 
recommended: 95 234 670 
shining: 358 
blue: 295 550 
mathews: 11 510 
though: 42 874 
bruce: 550 556 
doin: 572 
ps--i: 667 
jamming): 154 
see!!: 226 
mouth: 394 648 908 
plenty: 221 353 358 757 
is-awesome: 162 
grave: 30 
fan's: 399 
people?: 344 
treats: 228 
flow: 42 138 
francisco): 680 
points: 155 
consummate: 770 
entertaining: 397 433 539 540 541 546 604 
shines,: 235 
came: 27 163 416 
renting: 294 
saying: 151 476 496 511 625 
lyrics: 244 758 
concert!?: 315 
radio: 39 52 84 97 112 204 208 218 240 386 387 403 404 405 505 566 620 768 772 818 840 886 
fuzzy: 735 
self-indulgent: 272 
enjoyed: 33 46 255 451 454 494 508 640 813 
finally: 565 
menu: 230 
disc,: 329 370 735 792 841 
console: 881 
theme: 850 
cued: 229 
bliss: 65 
personality: 94 712 
do: 19 36 162 194 202 239 249 282 305 327 341 432 458 470 478 511 572 620 672 701 705 754 782 811 836 873 
dm: 173 191 227 455 470 472 481 
basics,: 44 
'b': 703 
watch: 83 297 317 416 426 433 461 475 480 511 570 624 649 669 691 846 863 
amazon: 363 
despite: 358 369 
fingerpicking: 203 
/>#documentary:: 103 
incredible,: 142 423 
general,: 492 
city,": 505 
twice: 132 217 894 
bad: 141 146 324 593 908 
discs: 24 63 345 355 400 
shots: 18 744 
release: 77 342 364 370 384 390 393 401 405 498 499 502 506 512 515 651 677 
/>#41: 680 
them): 458 
thanks: 127 
playstation: 339 881 
band,: 53 425 436 779 
reference: 235 532 
light: 481 
homescreen: 735 
result: 627 
best: 2 69 82 92 110 150 167 198 203 204 224 231 258 290 342 344 384 419 423 431 440 442 489 509 511 534 548 551 557 558 565 588 631 633 656 671 673 680 695 731 745 750 766 833 840 851 855 920 
/>as: 342 462 469 
said: 210 296 342 348 
draws: 596 
away: 125 186 321 373 377 617 769 808 882 886 
player,: 78 172 402 726 
there's: 221 361 370 
finger: 616 
we: 105 109 206 336 436 439 518 519 723 907 
men: 525 
/>a): 348 
however: 300 370 455 502 735 
grey<br: 550 
honestly,: 284 
drew: 146 
wtf: 166 
bose: 618 
picking: 224 401 632 
college's: 404 
received: 192 244 
rhythms: 46 
(about: 480 
davespeak: 518 
players: 436 489 823 
bet: 549 
lot,: 346 
exceeds: 67 
/>did: 244 
10-12: 345 
tough: 356 358 
appeared: 63 
tons: 81 133 
/>dolby: 100 
default,: 734 
trust: 783 
now,: 648 
have!!: 0 
iraq: 48 90 144 501 504 
tim's: 66 214 536 650 652 809 
puts: 137 157 276 332 400 
union: 550 
three: 78 
been: 104 174 209 230 231 267 292 325 345 347 386 452 521 574 598 630 738 739 747 787 820 869 870 
quickly: 246 614 
bothers: 280 
much: 6 17 52 73 83 120 155 183 212 259 308 351 370 391 517 539 560 574 579 582 592 593 600 612 631 654 747 756 780 805 806 836 864 890 915 
expected: 358 
life: 64 662 
recomend: 216 561 
relaxing: 552 
2:49:02<br: 99 
moneys: 87 
dave: 0 1 2 11 12 13 16 18 21 36 38 39 44 46 47 48 49 53 60 64 75 77 83 97 104 112 120 121 122 125 127 128 130 131 133 137 143 146 147 151 162 167 170 172 178 179 180 183 193 196 202 203 205 208 213 217 220 223 226 228 231 240 243 255 259 264 267 269 275 276 285 287 290 298 302 304 306 313 323 332 333 334 336 341 345 346 356 361 370 380 386 395 406 414 425 432 435 439 442 448 464 467 471 492 496 497 502 505 506 521 522 523 524 528 531 532 533 534 538 539 557 561 563 568 571 573 579 581 583 584 590 592 604 611 612 622 629 631 635 638 656 669 671 674 675 676 678 681 685 687 695 697 710 712 715 716 726 730 731 740 750 753 759 774 777 781 787 810 816 821 824 825 831 832 835 839 840 845 848 850 851 862 868 880 889 891 909 916 
kids: 907 
personally: 315 473 624 
clairvoyant: 510 
worked: 301 
(and: 420 467 588 
options:: 790 
/>before: 550 
oozes: 585 697 
exception: 642 
has: 9 23 32 52 92 104 125 246 292 354 363 369 384 395 419 427 429 442 497 574 576 596 620 687 705 711 742 814 815 849 876 921 
biased,: 219 
tastes: 612 
near: 190 
suppose: 163 
pond,: 703 
stopping: 482 
lyrics<br: 103 
balance: 66 
"stay: 58 
stink: 875 
played: 369 409 420 
exceptionally: 845 
is: 2 3 7 12 13 15 19 20 22 23 26 27 31 33 40 42 43 44 48 49 51 53 55 62 64 66 67 69 71 75 77 82 85 86 89 91 94 96 110 111 113 119 129 138 142 143 147 152 154 155 156 161 167 174 178 179 180 182 184 189 191 193 194 197 198 199 200 201 202 206 208 212 215 219 223 224 226 231 233 236 237 255 259 260 261 270 275 279 281 282 287 288 289 290 298 302 303 304 307 309 312 326 327 330 334 336 337 342 346 348 349 350 355 356 358 360 364 366 369 373 381 382 383 385 388 389 390 392 395 397 403 407 410 411 423 425 427 428 430 431 432 435 440 442 444 452 457 458 459 462 463 466 467 468 469 472 474 476 478 487 489 500 501 502 504 505 507 509 510 512 513 517 526 527 533 538 547 548 554 556 557 560 569 570 575 578 583 588 589 590 594 595 597 598 599 600 604 605 610 612 614 621 622 623 628 631 638 642 643 647 649 653 656 657 658 664 668 675 679 680 681 683 688 692 699 710 727 730 731 735 736 739 740 743 744 745 747 750 752 754 755 760 766 772 773 774 778 781 782 784 786 789 794 796 797 800 803 804 805 806 811 821 824 828 830 832 833 834 835 840 841 842 844 846 851 855 860 862 863 876 883 894 896 897 898 901 902 909 912 913 915 917 
it: 6 9 13 17 20 32 33 39 43 44 45 49 74 84 115 122 129 132 135 140 146 149 155 157 162 163 168 171 177 182 193 194 201 223 235 244 257 260 265 272 273 278 279 280 282 288 292 293 294 295 297 301 303 312 316 321 339 343 359 360 368 369 392 393 402 415 416 420 421 430 432 442 446 451 452 454 460 462 468 476 481 491 492 500 502 518 543 552 554 555 556 558 560 570 572 580 582 598 608 619 625 626 627 630 631 649 659 672 679 684 688 689 690 691 698 700 702 704 710 713 734 747 750 754 761 764 770 771 773 780 795 803 810 814 828 846 847 849 850 856 873 874 876 878 887 889 892 893 894 895 898 918 922 
player: 132 192 339 443 484 614 625 627 632 718 748 
over;: 177 
in: 0 1 9 11 27 39 40 44 49 51 52 63 67 73 80 86 93 110 114 119 121 125 131 141 146 159 163 210 211 213 218 219 226 238 240 241 245 255 258 259 260 278 280 284 285 296 314 317 327 330 332 348 362 369 370 372 380 386 387 393 401 402 410 418 425 431 434 438 451 458 467 491 492 493 501 502 503 504 505 516 522 528 541 554 555 568 579 587 594 603 612 619 620 625 628 640 644 651 664 675 682 696 697 707 712 715 728 729 732 734 736 747 761 764 769 806 815 818 861 877 879 897 907 
said,: 220 661 
if: 0 16 19 42 65 96 111 113 114 115 116 128 135 139 140 141 149 150 167 172 173 177 178 191 197 255 260 261 265 283 308 325 338 339 340 360 365 396 400 409 438 441 443 444 472 479 486 488 491 493 549 561 583 617 627 629 631 666 672 678 681 684 697 705 710 711 726 737 748 750 758 759 771 773 812 834 857 877 890 
grown: 51 213 
perform: 120 534 612 
"classic": 329 
make: 142 168 212 235 236 423 706 742 747 777 835 884 895 
/>"if: 286 
!!!: 894 
spews: 131 
acoustic,: 0 13 821 
question,: 89 
several: 63 497 546 550 597 887 
showing: 52 381 
70's: 307 
satellite: 274 
sings: 223 
tops: 381 
"): 501 
greeted: 370 
preachy: 143 
kid: 300 
shortly: 543 
bd-25: 103 
detracted: 74 
god): 856 
thing,: 120 
the: 2 4 5 9 11 14 18 19 21 27 28 35 38 40 42 44 45 46 47 48 49 50 51 52 53 57 58 61 63 67 68 72 74 75 77 82 84 85 86 88 90 91 92 95 106 108 110 111 118 121 122 125 129 130 131 132 135 138 146 147 148 150 153 154 158 159 163 167 171 179 182 187 188 190 192 193 195 196 198 199 202 204 205 208 209 213 214 215 218 219 220 221 222 223 224 226 229 230 231 232 233 236 238 239 240 244 245 248 249 251 254 255 258 259 265 270 271 273 276 278 279 280 282 284 285 290 295 296 300 301 303 305 306 307 309 312 314 317 318 321 322 324 327 328 329 330 331 332 336 337 339 340 342 344 345 348 349 350 354 358 365 367 368 369 372 375 376 377 381 383 384 385 386 389 390 391 392 393 395 396 397 398 399 400 402 404 405 406 408 409 410 415 416 417 418 419 420 421 422 423 427 430 431 432 433 434 440 441 442 448 452 456 457 459 460 461 462 463 466 467 468 469 470 471 472 475 478 480 482 483 486 489 490 491 498 500 501 502 503 505 509 510 511 513 516 517 524 526 528 534 541 544 546 547 548 550 551 552 553 554 555 556 557 558 560 562 564 565 570 574 575 576 578 581 585 588 590 592 594 595 596 597 598 599 600 601 605 606 607 608 612 617 619 620 621 622 623 625 630 631 632 633 634 637 639 640 643 644 647 648 649 651 653 656 657 660 662 664 671 673 675 676 679 680 682 683 687 691 692 697 700 701 703 705 711 713 714 717 718 720 728 729 731 732 734 735 738 740 741 742 743 744 745 746 747 750 753 760 761 762 766 768 769 771 772 782 784 786 788 790 791 792 793 794 795 797 798 800 802 803 805 806 808 809 810 811 812 815 817 821 827 830 831 833 834 835 840 841 842 843 844 849 851 853 861 863 865 869 871 874 881 883 886 887 894 895 896 899 901 906 907 908 909 910 911 912 914 915 921 
ventured: 907 
musical: 314 431 510 663 696 777 
805: 700 
left: 310 316 
opinions: 502 
just: 11 84 145 146 149 151 156 158 162 202 203 220 242 281 291 303 306 313 314 316 319 350 377 421 464 473 502 533 554 555 559 561 612 614 657 667 672 710 739 748 754 758 772 773 779 781 797 819 833 857 861 903 
photo: 478 
absolutley: 509 752 
perfect,: 463 
band): 810 
/>prompt: 204 
fullness: 215 
yes: 357 361 
perfomances: 433 
yet: 77 342 
previous: 384 405 498 
but,: 49 182 493 
adding: 45 
unique: 405 406 650 
step": 58 232 808 
vibration: 560 
had: 34 74 121 174 177 185 230 308 316 328 333 371 380 420 475 514 546 551 612 622 738 886 892 
ok: 345 
easy: 493 
pair: 835 
save: 159 796 
plasma: 457 
trashed: 907 
gave: 321 492 
fiance,: 810 
africa: 698 
addicts: 346 
lcd: 107 586 
preceeds: 334 
background: 472 729 861 
judge: 495 
gravedigger,: 159 
speaks,: 420 
apart: 43 915 
peeved: 592 
gift: 717 
54: 347 
collection,: 197 
50: 457 
spine: 636 
hill": 411 
night: 257 291 402 851 
rarely: 897 
performing: 39 622 
old: 58 88 275 279 285 353 391 500 748 908 
crowd: 21 22 333 350 622 906 
people: 27 86 281 307 345 346 347 365 773 835 908 909 
640kbps<br: 103 
/>***********************<br: 103 
groupies: 323 
somehow: 742 
sax,: 129 779 
humor: 815 
for: 10 15 37 44 61 74 79 87 95 104 109 120 123 132 146 149 150 153 162 167 190 191 197 199 202 204 213 223 227 229 231 238 242 254 255 260 261 267 285 303 316 328 348 363 364 368 372 381 390 402 410 417 423 458 462 483 504 506 538 552 553 558 561 571 575 581 612 630 632 635 659 666 674 676 688 689 690 693 713 717 730 739 769 777 785 786 788 794 810 812 832 835 856 861 880 886 890 909 916 
bottom: 607 
phenomenal: 604 677 
42": 107 417 
loads: 712 
/: 98 550 
creative: 697 701 
everything: 504 651 
asking: 637 
concerts!: 920 
concerts,: 96 859 
fantastic!: 18 
core: 254 323 
/>vc-1: 99 
who: 21 51 104 125 158 216 222 281 285 315 571 676 688 730 771 810 846 908 909 
deleted: 599 
marketing: 458 
burn: 48 
cork: 238 
discount: 19 
memorable: 916 
post: 627 
yelling: 907 
dollars: 10 
months: 909 
surround: 93 192 336 417 419 420 423 434 554 556 560 576 845 
comment,: 796 
plus: 30 727 826 
/>some: 410 
slightly: 605 
automatically: 734 
presence: 360 
puzzle: 148 
talent,: 111 
soo: 28 
down: 5 44 130 159 184 230 356 402 461 579 633 656 
/>------------------<br: 645 646 
right: 11 276 554 556 648 889 
difference,: 747 
com/gp/product/b000un3vt4">sharp: 107 
deal: 626 
photography): 478 
comparing: 358 365 
24-bit/48khz: 336 
constantly: 511 
class: 669 
gig: 622 
stuck: 850 
stories,: 427 
way: 118 171 233 255 259 370 448 468 526 541 691 753 794 834 915 
call: 279 443 583 
was: 6 34 39 109 115 122 125 135 146 163 183 186 192 196 209 240 247 250 295 311 321 322 358 368 370 373 376 387 402 415 417 436 447 468 481 498 518 526 536 540 541 543 546 550 551 552 587 592 593 594 611 625 630 641 710 738 761 770 792 802 803 839 846 847 849 851 853 866 874 882 886 892 907 922 
war: 48 501 
happy: 594 706 728 850 
same?: 305 
form: 516 
magnificent: 14 
so,: 495 506 
hear: 313 315 344 362 394 395 489 505 560 612 651 665 666 686 719 822 908 
hands': 852 
true: 235 513 517 584 639 664 734 740 
atrocities: 280 
less-familiar: 848 
hall,: 84 
astounded: 192 
inside: 763 
right): 67 
crystal: 457 800 805 
blu-ray: 78 79 105 106 109 165 167 186 197 235 292 339 344 439 440 443 458 463 484 532 556 557 561 581 603 605 607 632 633 638 647 651 675 703 738 739 743 745 746 747 748 755 772 786 799 801 829 845 866 873 881 887 892 
whisker: 652 
stages: 460 
classic: 40 64 266 475 716 
stronger: 843 
religiously: 83 
covers: 14 46 407 
brother": 404 
fashioned: 748 
awhile: 213 267 
annoying: 305 
check: 86 135 283 477 
truffle,: 424 
song,: 49 
astonishing: 901 
musicianship,: 147 
no: 27 80 185 194 236 465 560 583 626 642 664 665 698 720 779 862 
when: 27 34 44 86 121 163 233 310 402 414 420 424 472 505 560 594 598 600 614 644 906 
tim: 0 1 13 18 25 27 36 38 39 45 46 48 53 56 60 71 76 83 97 112 120 122 125 127 128 130 133 157 171 173 179 189 193 202 204 205 208 213 217 220 223 226 227 229 239 255 284 287 300 304 305 308 309 327 336 341 358 392 406 408 410 414 420 425 432 448 464 496 505 507 508 524 533 534 560 566 580 584 604 612 614 657 669 674 675 676 688 695 711 716 727 731 737 740 741 742 751 753 760 773 777 781 782 787 811 821 824 835 840 842 851 856 862 889 902 913 916 
interested: 503 
"when: 410 
test: 235 544 
classics,: 14 353 
roll: 279 584 
tim,: 264 839 
tim-: 203 
picture: 106 417 456 457 564 683 766 798 800 806 
tasteful: 14 
surprise: 569 
shine": 513 
let's: 660 668 903 
cover,: 407 
screen,: 78 
weekend: 356 
tims: 360 
sacd's<br: 550 
assume: 209 
painting: 49 
together: 9 36 122 142 148 157 525 555 670 716 729 731 732 781 811 
sing,: 474 
time: 18 58 90 157 184 213 230 336 368 401 467 479 504 521 564 622 636 649 659 702 707 713 731 761 831 884 907 
serious: 300 
songs: 23 24 29 40 43 45 49 51 63 64 66 73 92 120 121 131 137 138 141 209 237 295 327 329 353 356 364 369 406 409 410 470 471 472 500 516 561 568 592 640 650 657 660 687 711 716 814 831 848 876 909 910 918 
darkish/somber: 849 
:): 530 
remarkable: 44 45 52 
dance: 749 
skip: 303 
souls: 48 
integration: 138 
manages: 64 
comments: 48 333 
displaying: 696 
row: 624 
certainly: 17 235 
bd-50: 99 
mayer<br: 550 
"slide": 824 
standard,: 358 
0: 102 336 792 
"<br: 344 
marks: 336 
sound(96: 419 
96: 746 
aid),: 856 
band's: 147 
icing: 743 
theater,: 441 
choice: 150 261 571 
soul,: 155 
vegas: 769 
dave's: 27 43 55 66 69 73 199 202 209 212 214 219 237 284 318 427 578 640 650 652 693 756 
minute: 827 
cool: 478 598 
impressive: 215 462 792 
presented: 405 
did: 170 324 358 362 417 455 481 612 888 
best!: 760 
brother: 689 
leave: 394 
:]: 181 
iraq,: 125 
guitars: 166 212 332 434 559 567 578 696 716 739 753 754 763 821 901 
suprises: 118 
vc-1: 336 340 
says: 420 625 
togehter: 137 
else,: 197 
'bartender',: 852 
cost: 658 
dolby: 335 431 586 606 607 632 645 734 746 793 
adds: 358 460 
stands: 404 
pleased: 499 694 770 
current: 409 
lennon: 283 
goes: 86 130 397 
/>well: 637 894 
vocalists: 436 
apposed: 710 
say?: 176 
hairs: 744 
learn: 614 
(friggin: 154 
water: 41 
say": 386 
splice: 333 
hadn't: 401 
concert's: 675 
say,: 288 499 908 
appears: 50 704 
wait: 37 630 
pedals: 616 
/>1080p,: 645 
krall: 554 
noticeable: 360 
brilliant: 774 
wow!!: 252 
title: 582 883 
here,: 565 
usually: 33 554 
bob: 283 
genuinely: 622 
'down: 40 
love: 4 17 53 96 111 172 173 355 424 425 426 450 454 455 584 649 675 678 681 712 759 765 771 801 836 857 894 
extra: 332 
credited: 405 
prefer: 285 579 
cared: 794 
marvelous: 847 
lcd,: 417 
stars<br: 784 
lcd): 544 
vivid: 49 
listenable: 333 
only: 27 42 135 143 153 166 174 209 270 296 330 332 336 339 345 393 394 405 430 432 460 463 467 479 501 505 526 532 534 577 594 600 631 660 679 691 704 710 767 787 796 890 891 908 
by: 5 40 52 56 69 74 75 77 82 125 133 135 151 159 179 182 192 199 203 205 229 333 404 481 496 554 592 711 715 724 769 833 844 860 882 883 886 
live: 2 20 24 52 55 60 69 75 97 112 119 128 129 133 136 152 161 174 180 203 204 216 240 255 298 302 305 326 332 345 354 364 365 369 370 387 400 403 413 445 491 496 502 524 550 562 598 656 677 679 680 712 715 818 840 846 854 869 886 920 
wonderfully: 46 
wondering: 627 
encode: 340 
christmas,: 886 
thru: 223 
today: 505 
albums,: 498 
/>c): 357 
club: 874 
clue: 720 
/><br: 23 29 50 103 111 131 139 142 143 158 162 165 167 168 169 204 212 216 222 244 254 286 293 294 325 328 330 346 348 352 357 363 366 374 379 381 388 395 399 403 405 407 410 412 419 432 437 456 462 469 475 477 484 489 492 546 550 573 594 599 637 645 646 647 680 699 707 709 720 721 724 766 787 789 828 842 843 845 853 854 857 859 873 876 
live): 347 
everywhere: 334 378 
extra's: 676 
lc42d64u: 107 
is<br: 570 
and,: 408 409 794 
anything: 571 858 
indescribable: 800 
car: 914 
fatalistic: 50 
soul: 284 332 
schedule: 872 
[applause?]: 333 
incites: 121 
"unplugged": 248 
can: 6 23 44 153 176 203 212 327 337 405 419 420 439 441 458 485 489 502 505 556 558 560 561 574 594 644 665 673 719 744 754 782 
following: 348 
making: 48 842 
meant: 866 
crazy: 25 130 414 
"old: 411 
pauses: 209 
audiophile: 442 
awesome: 60 189 202 263 312 368 430 661 894 902 913 
didn't: 73 415 454 483 554 555 747 809 
heard: 2 23 195 231 247 290 331 342 369 386 398 419 420 431 470 534 539 546 551 557 576 577 612 697 719 747 768 787 
performed: 36 39 
heard,: 541 631 
admirer: 39 
/>product: 707 
freezes: 802 
1: 98 101 103 335 420 479 485 551 587 710 898 
passionate,: 124 
pure: 764 915 
guarantee: 87 
product: 6 
jazz: 493 
may: 150 209 236 297 741 793 
/>more: 724 
natural,: 606 
date: 69 110 344 370 
such: 36 41 152 304 577 596 674 676 711 775 833 
guys: 67 142 233 308 696 739 744 
highlights: 410 
man: 50 550 
natural: 167 
dave!: 111 
maybe: 219 239 301 627 680 878 
speak": 211 279 
borrowing: 689 
so: 6 19 35 64 103 135 149 155 166 236 272 273 292 295 347 356 369 370 404 415 418 419 479 492 539 556 574 581 612 618 644 648 660 690 701 705 734 765 770 805 820 863 864 870 875 878 886 
far!<br: 724 
ray,: 295 415 
bdp-1200: 371 
no,: 910 
dave,: 149 355 450 538 
bushmen": 397 
hugh: 803 
shaky: 922 
record,: 283 
years: 50 231 293 365 777 
course: 58 181 811 869 
motions: 220 
still: 41 159 188 221 224 358 367 369 530 562 612 
splurge: 887 
concert,: 190 292 502 570 730 906 
group: 400 
thank: 506 690 
he's: 53 220 259 537 539 616 698 
interesting: 397 411 831 
concert!: 0 717 915 
offers: 746 909 
listing: 390 
songs,: 44 46 48 50 305 364 407 408 500 771 822 848 908 
captivated: 429 
killer: 245 
adcom: 78 
half: 210 843 
not: 24 33 44 75 83 106 113 114 150 153 158 162 170 172 196 224 236 244 260 297 301 308 309 314 315 336 339 346 351 358 360 391 394 403 404 417 422 457 463 467 468 485 492 503 505 526 532 537 555 574 597 605 606 610 614 625 629 631 638 667 715 758 772 776 783 793 803 836 845 867 878 915 
now: 52 64 267 519 529 597 649 798 890 903 
hall: 52 112 208 240 387 558 620 818 
receives,: 52 
name: 280 
james: 550 
settings: 51 
tru-hd,: 84 
realistic: 758 
dido<br: 550 
rock: 260 266 278 279 284 309 584 
(90%: 347 
concerts: 79 81 104 320 345 356 420 439 452 563 602 854 869 870 
eh: 41 397 
yeah: 869 
car,: 644 
year: 115 218 296 
album: 37 69 75 133 183 211 247 277 328 348 354 358 406 500 611 678 679 680 712 714 749 849 853 
living: 585 587 
shown: 895 
yes,: 467 
me",: 844 
space: 274 
blu: 190 415 418 419 420 423 444 718 723 725 766 780 795 797 
looking: 235 260 261 561 
seriously: 307 
wholeheartedly: 601 
correct: 21 
shows: 52 211 219 222 277 338 
/>leonardo: 709 
stunning,: 510 
virtuoso: 223 
recordings: 42 133 222 305 522 
besides: 539 
#41,: 219 
#41): 242 
on,: 857 
/>amazon's: 766 
(minus: 810 
selections: 900 
"how: 511 
thing: 163 209 426 432 593 
place: 504 555 594 620 
childhood: 49 
waited: 415 
first: 151 287 329 336 402 467 486 614 713 735 843 846 891 
note: 719 
lovers!: 674 
comprised: 137 
com/gp/product/b000og6i24">sony: 109 
feature<br: 646 
fast: 132 690 
beware:: 131 
sounds: 28 93 219 220 253 300 421 435 489 515 606 607 632 666 735 845 
open: 394 908 
languish: 242 
cameras,: 459 
city: 39 52 84 204 208 218 240 387 403 404 566 620 772 818 840 886 
little: 80 143 219 222 300 361 468 473 481 640 849 853 
fl: 907 
vocal,: 758 
funky,: 842 
plastic: 80 
anyone: 423 561 591 632 688 705 730 816 883 
2: 0 89 101 166 293 329 335 375 452 477 578 608 680 710 754 773 791 817 828 841 
tell: 395 598 822 
bits: 66 
friend: 417 
gives: 52 193 716 851 
guitarist,: 309 
eyes: 117 441 619 
sound,: 148 150 833 
recommended!: 59 542 
that: 23 27 36 39 42 43 48 49 52 64 74 76 86 93 120 133 143 146 148 177 185 194 201 209 210 211 223 241 289 291 296 305 307 332 343 344 345 346 347 348 354 356 358 359 364 368 369 370 380 403 409 410 420 424 425 432 453 467 493 496 500 503 505 513 519 532 551 553 556 561 572 578 581 591 592 593 594 597 612 614 631 644 675 679 739 742 747 758 773 777 780 804 805 809 816 835 849 851 868 873 891 921 
sound!: 423 
on!: 18 
released: 336 347 442 543 
ridiculous: 496 
(extras)<br: 103 
copy: 268 
leave",: 58 
than: 9 20 27 70 90 119 275 302 308 323 339 340 410 514 622 624 663 714 773 834 843 853 856 873 898 
order,: 522 
10: 228 720 
television: 340 
(2007): 409 
$11: 363 
19: 99 
gotta: 241 
future: 330 
vocals: 212 214 490 578 716 779 
were: 27 67 115 273 404 414 592 676 753 769 852 890 
dissapointed: 236 
and: 0 1 5 11 12 13 14 18 19 21 22 27 32 33 36 38 39 40 41 42 43 44 46 48 51 58 65 67 72 74 83 90 92 94 96 97 106 112 113 115 116 117 118 120 122 125 127 128 129 130 132 133 135 144 145 147 150 152 154 155 157 158 162 163 167 170 172 177 187 188 190 192 193 198 202 205 208 210 212 213 214 217 218 219 220 221 223 226 231 235 236 238 240 245 255 259 260 268 270 272 273 274 277 278 279 283 285 287 290 295 304 307 312 314 319 321 327 333 336 341 345 350 356 357 361 362 369 371 377 381 391 397 402 406 407 409 410 411 413 414 415 416 417 419 420 423 425 427 432 433 434 435 436 441 443 448 451 452 455 458 461 464 466 475 481 482 484 489 493 496 499 500 502 504 505 506 507 510 511 518 526 532 533 539 541 543 544 548 549 550 552 554 558 559 560 561 564 566 570 571 572 574 575 578 584 587 590 594 596 599 601 602 604 608 611 612 616 619 622 623 627 630 632 634 635 639 640 642 643 647 648 649 650 651 652 653 656 657 664 666 669 670 674 675 676 682 683 687 689 691 692 693 695 697 699 700 701 707 708 711 715 716 718 721 722 726 731 733 735 738 739 741 746 748 751 753 758 759 761 762 764 766 768 769 770 772 775 777 779 781 787 788 791 798 800 803 804 807 809 811 815 822 828 830 831 833 835 837 839 841 842 844 845 846 849 850 851 852 854 857 860 862 863 866 869 871 874 876 878 881 883 884 886 887 889 892 908 909 914 915 916 918 
san: 680 
fortunately,: 221 
turned: 481 
sad: 291 
say: 23 133 153 159 231 264 345 348 373 392 403 412 419 502 649 903 915 
exchanging: 46 
nancies": 842 
/>b): 352 
any: 15 24 84 123 216 227 278 344 384 399 419 511 545 561 581 658 665 705 714 747 832 845 853 856 916 
speakers: 80 556 558 560 662 663 718 
undercurrent: 48 
editing: 623 
pircture: 605 
terrific: 175 
take: 242 307 377 809 914 
performance: 14 52 121 129 136 139 179 185 192 204 223 228 236 249 298 357 398 445 448 520 532 546 578 810 830 851 862 883 886 899 
bad,: 555 
channel: 608 
begin: 151 
sure: 0 109 167 318 360 620 797 
multiple: 104 
theatre: 798 
track: 184 200 214 242 390 422 546 632 653 792 883 
price: 91 204 637 766 
knew: 27 767 771 
paid: 325 
importantly: 364 
pleasure: 437 
nice,: 472 
especially: 61 226 227 318 
fills: 700 
montage: 103 478 
average: 72 241 
drive: 918 
alone!: 91 
(both: 548 
42,27: 99 
cortez: 245 
not,: 835 
80's: 307 
rating: 348 
shot: 625 
rambling: 211 
show: 39 67 115 208 224 225 228 287 316 330 336 414 423 447 528 532 581 656 658 769 807 843 846 849 916 922 
cheat: 416 
cheap: 769 
while,: 630 
bright: 358 
teamed: 171 
recomendation: 562 
imagined: 393 
1k/16: 665 
favor: 19 721 
enjoy!!!: 207 
hands,: 5 
man": 130 
78:1<br: 99 
meaningless,: 272 
going: 27 220 396 505 
black: 895 
seen/: 226 
awareness: 327 
get: 6 84 87 206 338 341 468 518 558 594 630 636 718 721 722 729 732 751 817 822 827 856 875 886 
itunes,: 649 
witness: 392 
cd's: 11 240 302 
watch,: 670 
truly: 233 476 504 640 805 813 883 904 
cannot: 17 299 654 
nearly: 390 
hippy: 281 
installed: 371 
consumate: 532 
astounds: 188 
prime: 907 
artist: 75 96 276 304 324 
versions: 40 92 364 369 406 814 848 
/>to: 346 395 
cochlea: 668 
cornbread,: 159 711 
where: 223 467 
husband: 33 769 
streets,: 406 
concert: 74 80 82 83 92 124 157 160 171 177 196 203 240 250 382 419 423 427 429 441 444 463 482 491 511 532 543 546 550 551 558 567 575 577 594 595 596 597 599 601 603 630 631 633 636 640 649 675 682 687 693 695 732 738 743 747 766 781 783 784 788 790 794 801 818 821 833 834 841 842 881 897 907 911 
com/gp/product/b000y634su">panasonic: 106 
seat: 430 
(this: 468 
college: 6 27 67 75 76 119 122 220 236 255 265 326 358 365 387 401 402 513 572 853 855 
receiver,: 78 
#1: 88 860 
ruined: 238 
(like: 90 242 560 
instaed: 887 
): 527 
ways: 119 387 
review: 151 786 
come!: 659 
ok,: 253 
3: 258 722 742 784 790 841 881 
between: 73 131 209 226 237 274 289 510 568 592 640 831 
enjoys: 216 
reading: 887 
man,: 84 
notice: 359 
jt: 562 
deliver: 866 
screen: 734 764 
26: 405 
guitar: 56 114 149 193 214 223 305 307 312 327 392 408 436 467 489 511 560 612 614 615 674 711 717 742 748 758 779 782 809 823 824 842 858 912 
rendtion: 842 
come: 50 68 86 140 210 285 498 507 662 
/>try: 294 
talented: 75 741 
many: 50 52 61 119 120 245 274 320 355 356 369 387 400 420 563 782 814 859 880 908 909 
region: 98 703 704 
quiet: 685 
tour: 409 
item: 588 
way,: 125 425 
can't: 37 163 201 206 666 751 
among: 511 
reading?: 530 
color: 45 
hybrids: 285 
want?: 0 
period: 445 671 
pop: 260 
audiology: 666 
jammed: 452 
couldn't: 416 449 518 545 
babbling: 313 
considering: 322 458 
late: 393 
capable: 457 
west: 218 
frecuencies: 785 
breath: 377 
minutes<br: 103 
borders: 510 
hardly: 520 
wants: 315 502 581 
truehd: 100 342 374 431 558 576 606 645 653 746 790 792 
bmg: 458 
eyes,: 773 
offered: 19 676 
venue,: 255 
figured: 893 
those: 21 51 153 158 219 230 308 369 571 616 
countless: 188 
case: 53 467 
myself: 132 689 
these: 24 44 49 138 141 142 233 336 406 525 670 675 676 763 901 
cash: 796 859 
vedder!: 135 
ive: 269 630 631 
favorite,: 58 
blah: 313 
dmp-bd30k: 106 
releases: 647 
solos/riffs: 327 
shines: 25 76 223 387 712 799 
par: 20 236 
perhaps: 44 
harsh: 606 
doctor: 666 
pay: 199 496 
diehard: 571 
same: 18 129 218 306 425 564 
trip: 698 914 
/>i: 29 216 325 328 492 594 599 654 720 756 836 838 853 857 859 
preconceptions: 162 
standouts: 852 
week: 871 874 894 
enjoyment: 74 370 
downloads: 158 
sold!: 245 
running: 48 
favorites: 12 90 184 242 246 842 910 
"bartender": 232 
totally: 483 
vocalist: 824 
theater: 109 372 
buy!: 203 573 
buy,: 303 
amazes: 188 
magical: 193 426 752 782 
without: 28 129 202 249 292 342 400 440 442 558 612 
comes: 314 332 790 
very: 134 135 165 221 304 361 434 462 466 487 490 498 499 536 539 552 590 594 606 687 693 706 735 745 770 792 794 
commentary,: 249 
you've: 697 
summer: 544 
morons: 20 
thankfully,: 277 
being: 17 21 44 210 229 280 336 348 388 409 498 539 554 558 744 819 864 880 
money: 199 496 
(i: 714 
ps3: 544 
flavor: 650 
(a: 410 856 
captured: 350 489 603 
weekly: 83 
blow: 808 
/>personal: 842 
quality:: 784 
thinking: 672 
seems: 49 359 458 472 685 843 873 
lets: 232 
setting: 541 675 
4: 20 103 269 354 355 357 405 479 609 742 
wife,: 104 
disappoiont: 170 
wanders: 214 
aspects: 49 
around: 267 281 879 
spectacular: 205 288 747 
read: 314 337 380 
sums: 582 
early: 331 386 
ants: 274 327 
listening: 51 213 283 505 600 615 713 813 
world: 410 505 
disappointed: 135 153 642 715 748 776 783 867 905 906 
sensational: 815 
oddly: 50 
audience: 121 598 771 809 831 
seem,: 773 
either: 379 794 
served: 125 
rcmh: 455 
matthews?: 909 
pushy: 273 
muddled: 468 
eddie: 135 
matthews,: 125 162 178 583 
kind've: 411 
rocks: 243 271 367 679 
matthews': 44 521 
reasons: 785 
ratio:: 98 
bless: 286 
mood: 139 157 402 
perfer: 29 
memories: 115 402 404 
/>now: 293 899 
legal: 223 
resonate: 51 
ac3: 102 
pioneer: 78 371 895 
throat: 851 
decent: 632 748 804 
felt: 641 701 
reasonable: 880 
power: 705 
intimate: 18 44 51 622 
springsteen's: 556 
drums: 779 
innocence: 539 
throw: 879 
on: 0 3 14 24 25 29 47 48 57 63 76 88 94 115 118 121 122 132 135 138 153 160 184 193 203 208 214 219 220 233 236 242 245 277 295 300 301 312 313 322 327 336 337 340 342 357 358 380 386 399 402 404 405 409 414 419 420 421 422 439 440 457 460 463 472 481 500 502 505 510 513 524 532 551 553 563 565 598 603 607 614 615 647 649 652 657 670 675 676 680 696 702 703 704 707 710 720 734 735 743 744 747 761 764 768 772 775 792 794 801 825 826 841 845 850 857 858 861 862 873 876 881 883 889 895 909 914 916 918 921 
central: 245 258 451 854 
oh: 0 
of: 5 10 11 12 14 15 21 23 24 27 30 39 40 42 43 45 46 49 50 51 57 58 61 63 65 66 67 73 74 75 81 90 91 92 94 109 110 111 115 121 122 131 132 133 137 140 147 148 149 150 151 155 160 163 167 170 179 180 181 182 183 184 199 204 208 215 219 222 224 225 226 228 230 231 241 245 246 249 251 256 265 268 276 278 280 281 288 292 295 306 307 309 318 327 329 333 336 344 345 347 348 353 356 359 364 376 381 384 386 391 396 398 399 402 404 405 406 407 408 409 410 419 423 427 432 436 440 457 463 469 470 471 472 475 477 478 492 493 496 498 500 503 508 509 511 515 518 534 543 544 545 554 555 558 565 570 574 577 578 581 583 592 595 597 598 599 602 606 620 647 659 664 671 673 675 680 687 699 705 706 710 711 712 714 731 735 739 741 743 744 745 747 757 766 767 768 771 772 788 795 798 804 809 811 812 814 815 827 831 833 835 840 841 842 843 848 851 852 853 856 859 863 869 870 873 875 876 881 884 887 891 903 909 911 920 
favorite: 36 92 109 180 255 367 498 537 550 602 659 671 675 876 884 
generated: 883 
side: 111 
own,: 743 
stand: 49 406 
it's: 36 60 224 230 241 343 356 360 365 419 420 424 426 464 479 486 493 615 620 655 661 663 682 729 743 822 864 877 879 920 
mixed: 560 561 
out): 714 
backup: 194 
or: 0 5 11 13 15 16 20 40 51 53 58 132 149 211 220 283 339 344 347 360 445 479 644 649 668 674 698 710 742 747 764 771 835 845 856 879 
road: 914 
instruments: 554 663 
image: 574 
moreeee: 725 
strip: 44 
pre-ordered: 874 
your: 87 117 139 140 141 197 283 377 381 394 407 441 495 549 585 617 619 629 631 666 682 693 721 758 773 877 908 910 
editing,: 526 
get!!: 27 
24bit/96hz!: 489 
assumed: 534 
there: 22 29 34 40 42 48 60 117 120 174 201 222 224 289 291 323 347 357 362 388 409 444 453 465 467 470 477 491 504 507 552 583 594 606 627 633 664 738 757 773 805 819 820 841 864 889 890 
decode: 374 
hee: 41 397 
low: 785 
lot: 94 121 131 225 292 323 452 470 478 602 620 706 831 848 876 
unfortuately: 334 
mixing: 554 
ago: 365 
you,: 507 
complete: 812 
enough: 115 338 350 518 612 743 846 883 
storytellers: 228 
regard: 493 
it??: 627 
land": 407 
tracks,: 791 
trying: 300 
with: 0 27 42 45 48 50 51 53 90 110 125 126 129 133 171 173 186 194 223 225 227 230 236 237 255 258 276 287 296 305 306 314 327 332 370 381 394 413 416 423 458 459 485 498 499 508 524 534 538 554 560 574 577 585 586 604 616 617 619 620 622 627 632 642 656 680 694 697 700 701 705 729 742 748 753 754 764 770 776 782 790 793 805 806 809 821 840 845 856 879 885 887 889 901 906 907 
buying: 109 400 873 
they're: 233 
wasn't: 133 291 379 409 850 891 921 
g-d: 307 
/>version:: 97 
1<br: 646 
are:: 522 
agree: 296 594 
darker: 141 
gone: 219 
ae: 78 
johnny: 859 
deeper/moodier: 137 
/>overall,: 399 
describe: 520 
am: 12 35 53 83 92 151 170 196 198 266 419 492 499 503 505 508 511 531 535 565 590 638 642 667 888 906 
cringed: 271 
an: 0 26 30 39 50 65 129 136 137 189 208 249 314 327 340 373 423 463 467 493 514 535 544 552 559 561 567 577 589 598 625 655 666 667 674 675 727 730 824 877 
as: 39 41 46 49 52 60 65 75 76 83 92 115 122 128 139 140 141 184 189 213 220 223 228 243 279 308 327 332 357 358 370 381 397 404 407 427 463 469 470 483 491 511 513 532 539 541 560 579 604 608 661 701 710 711 716 717 740 761 773 774 775 793 797 838 841 848 853 886 891 892 895 909 
words,: 317 
at: 16 18 20 39 47 48 50 52 60 70 73 97 112 119 128 155 157 204 208 210 211 218 220 240 255 271 326 329 340 365 368 387 403 413 441 455 458 489 498 505 550 556 558 562 564 566 577 612 644 648 678 679 682 695 746 808 834 840 842 878 886 891 894 
watched: 293 296 316 457 660 701 878 
encompass: 881 
spends: 831 
film: 700 
fill: 377 
hit: 848 
again: 71 297 474 475 481 482 873 884 
beyond: 664 
(guitar: 856 
quintessential: 717 
(sometimes: 229 
cinematography: 32 
5: 11 20 61 77 100 102 244 345 348 352 356 358 363 479 484 586 610 645 784 790 793 818 826 897 
hee",: 409 410 
spatial: 434 577 
friggin: 154 
you: 0 5 16 17 19 20 21 23 27 65 87 96 111 113 114 115 116 117 128 135 141 145 149 150 153 159 160 162 167 172 173 176 178 191 199 202 203 214 230 255 286 299 300 303 339 340 341 344 365 380 381 386 394 441 443 450 472 484 485 488 489 491 506 530 549 558 560 573 583 596 614 617 619 629 644 651 652 654 666 672 673 678 681 690 706 710 711 718 719 726 728 734 735 737 744 748 750 754 758 759 763 766 773 783 793 805 808 812 817 822 827 851 857 858 864 867 889 904 905 
denon: 371 
poor: 554 
briefly: 608 
obsessed: 347 
includes: 653 
gifts: 838 
concoctions: 66 
important: 201 794 
'crush': 852 
peak: 50 
onkyo: 700 
included: 41 
video,: 414 672 833 
video): 548 
underrated: 741 
reasons:<br: 348 
snagged: 874 
wife: 372 717 
/>is: 339 
city's: 405 
sounded: 608 618 
video/sound: 863 
musician's: 675 
u: 78 97 503 
dave/tim: 401 405 
boone: 223 
finally,: 122 
resolution: 336 664 764 
fiddle,: 129 
all: 0 5 11 16 20 58 90 159 171 181 182 184 193 194 199 230 279 305 309 318 334 347 369 409 412 416 432 448 505 564 603 628 678 691 697 714 731 747 771 780 850 859 861 869 878 891 
forget: 162 
disc: 29 86 105 106 109 235 295 329 333 337 344 356 358 364 367 370 372 381 419 442 477 485 532 533 538 574 575 644 673 726 729 734 794 825 826 828 829 882 883 884 891 893 903 904 
college,": 498 
mp3: 158 
talks: 125 259 471 594 
partial: 791 
/>d): 363 
disk: 0 13 545 607 609 625 627 682 797 
1080i: 457 
tv: 586 617 
tr: 455 475 481 
encourage: 883 
to: 20 27 35 36 39 44 45 49 50 51 52 64 66 68 69 86 90 104 110 113 114 115 122 126 130 133 135 138 141 145 146 147 148 153 156 157 158 162 163 165 167 168 169 177 197 201 211 213 216 220 221 223 226 231 232 233 234 235 238 240 242 245 251 255 260 261 278 281 282 283 285 300 307 310 314 315 325 330 333 337 338 339 341 344 345 346 348 351 356 358 365 370 372 373 377 378 381 392 394 395 396 399 402 403 404 405 408 410 412 415 418 420 426 428 430 433 437 452 453 458 460 461 468 472 474 475 477 480 486 488 496 498 499 502 505 507 527 544 556 558 561 570 572 573 576 578 580 581 590 593 600 606 612 615 620 625 630 636 644 649 654 659 662 666 669 670 685 686 691 693 698 704 705 710 713 714 716 726 732 734 742 744 747 765 771 791 794 796 798 802 813 822 830 831 846 848 849 863 866 869 870 879 881 883 886 887 899 906 907 908 911 915 918 
scratch: 652 
/>audio: 784 789 
1080p: 106 107 336 380 544 
sound: 18 27 32 54 85 93 108 154 166 187 190 192 212 215 235 262 305 348 349 378 384 388 417 419 420 433 468 489 532 541 564 570 577 617 700 735 742 745 748 766 772 790 805 807 811 812 834 842 845 851 
duo,: 676 853 
song: 3 35 36 39 54 129 245 282 330 352 396 405 410 467 511 675 680 711 735 900 
far: 22 69 82 340 469 833 860 870 878 
tour,: 115 
channels;: 554 
college": 70 213 
fan: 12 15 33 92 113 149 150 151 170 183 198 216 227 231 240 247 265 266 278 386 443 492 508 521 531 573 583 611 629 631 638 710 730 748 787 832 835 856 874 877 880 891 
/>dd: 102 
sony: 458 544 
difference: 339 665 803 
/>do: 344 721 
college,: 20 60 128 890 
condition: 707 761 
several,: 838 
heaven: 764 
--: 343 
list: 129 399 720 
large: 881 
vibes: 317 
player</a>: 106 
small: 729 
i'll: 135 209 868 875 
context: 595 
next-gen: 342 
fence: 153 
href="http://www: 105 106 108 
songs!!: 92 
unheard: 29 
track,: 402 
throughly: 643 
past: 404 
titles: 804 
"dancing: 842 
pass: 172 
musically,: 312 
casual: 151 508 880 891 
90s: 386 393 
what: 0 27 50 64 111 122 124 126 146 162 176 279 286 314 327 337 360 399 402 418 426 436 458 472 598 638 669 698 754 768 782 811 863 882 915 
hesitation: 292 
sub: 20 23 78 
witnessed: 52 657 
sum: 496 
crush: 398 
him,: 394 
version: 30 62 208 245 331 398 402 423 543 662 680 795 797 
reproduction: 833 
here(uk)very: 706 
revealing: 124 
edited: 42 209 318 
full: 66 155 408 427 436 586 
1080p): 457 
display!: 668 
seeping: 334 
component: 109 
hours: 210 841 
tracks: 41 221 357 405 406 775 
title:: 97 
strong: 52 
ahead: 594 
houses: 489 
allows: 408 
experience: 52 126 238 287 314 341 515 552 589 594 597 655 769 847 883 
/>every: 184 
soldier: 125 318 
amount: 188 471 788 
must!: 710 
pick: 36 153 240 341 748 
wizard: 312 
family: 873 
dmb's,: 859 
improvision: 214 
with<br: 567 
ask: 666 
wanted: 532 544 798 
takes: 47 65 430 572 
always,: 243 
contains: 211 364 825 882 
two: 14 40 103 138 159 210 212 233 251 336 367 370 426 436 467 525 533 559 670 675 676 689 696 809 826 901 915 
generate: 901 
vibrato?<br: 305 
immature,: 272 
/>that: 348 
6: 345 
"stream": 327 410 
possible: 486 
more: 0 22 29 42 49 109 120 121 176 264 306 308 323 339 364 424 439 449 493 507 514 515 516 581 606 622 649 663 668 670 714 722 773 873 
flat: 219 
diamond: 25 
5/5!: 493 
releases,: 14 
stick: 238 
particular: 595 815 
mellow: 155 
doom: 505 
glad: 419 612 888 
none: 527 830 
(camera,: 526 
/>average: 99 
hour: 818 
remain: 659 
pressing: 475 
starts: 468 474 
playable: 881 
(particularly: 500 
def: 342 419 
history: 822 
beautiful: 5 40 46 56 62 118 226 750 772 842 
purchases: 509 
compare: 223 
sessions<br: 550 
share: 126 
states: 65 
purchased: 235 270 451 511 588 838 903 
sense: 815 
cows: 68 
sharp: 586 
lucked: 769 
!: 169 
huge: 12 53 92 170 198 345 386 611 629 721 909 
needs: 238 245 
coustomarily: 209 
musics: 225 
rather: 283 545 614 624 
dave-penned: 409 
acts: 259 
gb<br: 99 
everyday: 667 
occasionally: 48 
explains: 302 
retoric: 131 
okay: 868 
tried: 608 664 
funny,: 539 
recived: 761 
musicianship: 125 
soundtrack: 135 551 555 558 561 892 896 
lighting: 460 
coming: 50 106 108 378 415 846 
ballads: 46 
purchase,: 758 
a: 0 6 10 12 13 14 15 19 25 33 36 37 39 40 41 43 44 47 48 50 52 53 61 66 73 74 78 83 92 94 96 98 113 114 115 118 121 122 123 124 125 126 131 135 141 143 148 149 150 151 152 157 160 170 172 173 177 178 183 185 188 191 196 197 198 210 219 220 222 224 225 227 228 231 235 238 240 241 242 247 251 255 259 260 261 265 266 268 276 281 287 289 292 296 298 300 303 304 307 309 311 312 315 316 323 324 327 329 332 333 336 339 340 342 345 346 348 353 356 359 361 362 364 370 371 381 386 390 395 401 402 403 407 408 409 410 414 417 419 423 424 426 428 429 430 431 432 436 440 441 442 443 444 445 452 457 458 468 470 471 473 475 477 478 481 484 486 487 488 489 492 496 498 500 504 508 512 521 527 531 532 538 539 554 569 570 571 573 575 579 581 583 586 587 593 594 596 602 603 604 606 611 613 616 617 620 622 627 628 629 630 631 632 635 638 642 650 653 655 659 664 666 669 674 676 681 684 685 687 688 693 700 701 706 710 713 717 718 721 726 729 730 738 739 744 747 748 750 764 765 777 782 786 787 794 804 810 812 815 827 828 831 832 835 842 844 845 847 848 849 850 851 853 856 862 868 874 875 876 877 879 880 881 884 890 891 892 893 894 904 906 907 914 915 916 922 
short: 179 288 811 
crowded: 406 
music?: 612 
anytime: 297 
4/5: 492 
set,: 46 
ego: 334 
fenway: 354 
music,: 111 118 771 850 857 
???: 166 
"grace: 410 
playing: 408 464 536 567 620 758 773 821 
that's: 202 473 483 506 794 
greats: 57 
help: 416 
don't: 76 84 96 159 303 313 317 340 370 502 556 561 571 910 
developed: 458 
heartfelt: 716 
soon: 297 404 
trade: 285 
telling: 121 
already: 531 
through: 48 65 106 108 192 220 332 712 738 
guitar,: 468 652 835 
committed: 280 
hell: 502 802 
its: 9 67 114 369 404 489 559 680 718 764 797 819 
level: 442 556 580 612 812 
style: 248 
licks: 46 
21: 825 
mistreated: 313 
24-bit/96khz<br: 101 
blu-rays: 550 
course,: 45 408 432 598 
actually: 122 411 420 478 486 558 593 596 834 
acoustical: 194 912 
bummer: 315 
pcm: 336 375 419 608 746 791 
might: 222 346 422 602 910 
haven't: 470 
it,: 53 141 238 420 454 529 612 728 874 
good: 6 7 8 27 28 38 50 75 155 157 163 165 206 221 225 235 261 303 305 317 324 343 361 432 484 500 522 532 541 571 608 617 618 676 693 700 743 748 758 761 779 797 803 896 
sucker: 739 
it!: 0 53 
great!: 181 
it;: 672 
remedy: 705 
devil",: 410 
chicago: 918 
bigger: 764 
great,: 138 202 259 312 845 
easily: 94 404 
always: 55 142 271 338 396 508 553 739 740 774 862 906 
system,: 86 381 485 845 
all,: 423 
normally: 622 
payed: 10 
someone: 424 627 846 
blu-ray,: 110 458 486 532 550 565 574 748 
mastered: 490 
also,: 121 735 823 
found: 132 414 415 713 
difficult: 556 
system;: 125 
isn't: 132 146 655 720 812 
(but: 478 
/>but,: 23 
everyone: 359 502 
neil: 4 40 46 199 245 407 
needless: 499 
generation: 51 741 
house: 861 
energy: 223 701 
hard: 36 254 323 
energy,: 155 
connect: 233 
jt):: 562 
really: 6 7 8 46 49 132 160 164 238 253 276 388 451 454 494 579 581 583 598 676 738 788 
/>it: 139 212 
harper,: 859 
gig,: 236 
since: 6 120 358 386 393 564 
/>if: 162 341 381 450 484 573 
hill: 88 
7: 11 
/>in: 77 
bass: 129 
dirt: 88 411 
guess: 135 323 
pleasant: 569 
extraordinary: 65 
reason: 27 718 
please,please,please,: 703 
members: 873 
imagine: 17 
put: 14 105 208 238 372 422 502 592 614 682 702 714 764 861 862 916 
matthews: 12 13 16 51 75 97 113 133 146 147 151 167 170 172 179 180 183 193 196 204 231 240 255 275 276 285 298 302 336 341 386 425 432 439 442 448 496 497 502 505 522 523 524 531 532 533 538 557 561 563 571 573 581 590 604 611 629 631 635 638 656 675 676 678 681 695 697 710 712 715 726 730 740 759 768 781 787 810 816 840 845 862 880 891 
beginning: 156 
guy: 238 685 697 
dmb's: 920 
attention,: 314 
definition: 459 883 
listens,: 241 
expecting: 6 317 322 436 812 
testament: 44 
album): 263 588 
relaxed,: 46 
drooling: 648 
dont: 281 
feel: 44 
system</a>: 109 
minutes): 480 
done: 9 675 
par?: 23 
miss: 113 114 
regret: 672 758 
story: 121 314 397 595 599 
heads: 744 
/>what: 328 
introduction: 771 
impressive,: 167 
1080: 84 586 
/>etc<br: 550 
least: 458 606 894 
wonderful: 31 126 392 528 590 650 865 917 
arguing: 664 
piedmont: 854 
pare: 356 
selling: 720 
first,: 73 
option: 610 
behind: 687 827 
park: 245 258 451 854 
waited!!!<br: 419 
excels: 493 
appreciation: 713 812 
/>good: 305 
part: 147 281 597 745 797 
"sister,": 409 
albums: 52 216 347 370 406 869 
believe: 106 441 731 816 
grace: 219 
feature)<br: 99 
grew: 413 
double: 13 39 246 
recording: 195 219 220 431 463 557 715 
treated: 229 
outstanding: 382 541 736 
blu-ray<br: 97 
experience,: 65 
overstate: 201 
depth,: 539 
showers: 229 
sell: 135 
lie: 40 44 159 219 
built: 79 
self: 721 
this),: 649 
also: 40 41 168 296 354 359 398 407 409 420 471 475 478 490 494 517 535 571 621 699 792 794 806 851 
unreal,: 657 
performance,: 301 432 815 
transparent: 666 
play: 145 300 319 392 394 425 497 566 585 625 729 735 782 824 918 
experienced: 519 548 
electric: 467 
dayton: 78 
this!!!: 420 
[of]: 787 
most: 75 226 346 398 436 723 730 741 747 771 775 804 814 869 
experiences: 558 
nothing: 179 197 253 288 420 524 552 811 
extremely: 389 546 
78: 878 
muscle: 664 
/>graciously<br: 709 
/>format:: 97 
performances: 67 133 205 231 334 510 840 
clear: 389 435 457 466 800 
sometimes: 145 284 554 842 
cover: 4 199 331 
ramblings,: 396 
amazed: 461 
clean: 466 
notch: 448 
blend: 798 
shivers: 636 
particularly: 248 
4306: 371 
blended: 552 
session: 34 587 
top-notch: 90 
cds: 161 180 345 354 
fine: 483 512 536 595 
find: 73 840 858 
"too: 517 
guitar-playing: 650 
original: 562 
$3: 339 
pretty: 241 338 420 478 582 685 
captures: 695 
his: 24 45 49 50 51 52 61 62 90 125 137 152 161 193 280 281 285 305 327 334 380 396 408 422 473 508 560 594 604 657 687 698 714 716 741 742 765 775 814 848 856 870 903 908 
prowess: 511 
therefore: 791 
cd,: 75 118 122 306 318 345 356 666 747 
express: 654 
highend: 558 
kind: 359 705 
cheaper: 302 
feels: 306 491 619 889 
'a': 704 
during: 121 219 298 301 314 842 849 
him: 145 152 304 394 408 470 473 697 713 851 
distraction: 74 
seperated: 434 
gotten: 120 810 
hype: 292 
x: 228 
unbelievable!<br: 766 
wrote: 121 
set: 44 137 203 222 263 340 556 638 688 734 876 877 
stereo,: 898 
see: 19 115 122 152 177 325 337 394 418 439 498 651 652 656 668 732 744 864 
individual: 744 
are: 0 1 5 18 20 21 24 27 29 40 41 72 113 120 157 158 159 160 173 181 187 190 202 205 221 229 251 255 256 300 323 327 338 347 357 365 405 407 409 433 434 436 441 458 465 467 470 475 477 490 491 504 510 511 519 525 530 549 564 573 604 619 623 634 639 644 648 650 663 672 674 675 676 710 750 757 762 763 766 773 781 805 815 823 831 889 915 
close: 117 441 619 656 773 
9-minute: 842 
"shut: 280 
distinctive: 489 
please: 162 666 705 724 
fans: 201 222 254 267 273 279 280 285 571 635 648 693 706 715 848 853 
various: 63 
ambience,: 560 
free<br: 98 
burned: 268 
(e: 331 
compliment: 251 915 
available: 223 610 680 704 903 
solo: 43 66 406 467 611 
/>english: 103 645 
deserving: 348 
missing: 160 453 
initially: 592 
sanity,: 5 159 
graves,: 40 159 
today!!: 204 
work,: 853 
rant,: 506 
bar,: 0 
fan!: 123 916 
both: 19 67 72 147 210 213 256 410 489 539 564 565 601 788 821 823 851 889 
last: 257 393 714 907 
wouldn't: 90 794 
fan,: 0 53 83 173 196 345 493 549 564 581 750 845 
minus: 865 
connection: 125 510 
improves: 735 
alot: 23 24 
buzz: 666 
however,: 228 236 303 375 575 
geniuses: 676 
whole: 158 812 
liked: 128 753 
wear: 486 
point: 47 218 664 744 
simple: 368 
live,: 13 
pop-in: 402 
whatever: 162 502 
alone: 883 
simply: 485 541 576 750 760 778 784 
capabilities: 381 408 581 
throughout: 528 
live:: 523 
hey,: 239 
devil: 159 406 
naps: 229 
frets: 130 
format,: 336 
political: 48 202 249 
there!: 641 
there": 472 
hitting: 300 
lanois: 46 407 
damn: 103 775 
yadda: 779 
territory: 65 907 
quality,: 462 
beginings: 0 
dialogue: 473 
lucky": 775 
boy: 888 
what's: 305 794 
audio,: 647 672 764 
firt: 213 
chatter: 42 
/>that's: 403 412 
city<br: 97 
look: 122 340 418 553 895 
well,: 549 795 
"music": 901 
straight: 779 
expanded: 327 
billies: 274 327 
while: 65 130 229 300 345 454 472 481 508 606 856 861 879 
mbps<br: 100 
error: 625 
fun: 168 427 514 518 863 
beautiful;: 125 
real: 39 196 277 395 539 669 726 
aromas: 865 
backing: 332 
overlooked: 324 
192/24: 668 
disappointing: 222 329 
"straight: 130 
itself: 199 578 834 849 
beautifully: 229 675 716 
ready: 341 
grit: 277 
rid: 295 
panasonic: 78 
funny: 420 518 
clear,: 805 
widely: 223 
grand: 18 
9: 459 
breathtaking!<br: 184 
higher: 65 
used: 135 723 
keys: 300 
banter: 318 
avr,: 371 
viewing: 188 629 
levels: 554 895 
moving: 398 664 
cleaning: 879 
<a: 105 106 108 
haunting: 49 402 842 
plugs: 501 
here!: 135 
recent: 364 516 
dark: 402 806 
pitch-perfect: 653 
anybody: 234 
24-bit/96khz: 335 
person: 747 
(some: 263 
"out: 472 
chemistry: 94 155 289 312 
stating: 887 
awhile,: 132 
abilities: 39 
dvd?: 339 
gripe: 237 
blueray: 544 545 627 
distracting: 552 556 605 
dvd,: 74 163 420 421 469 649 669 711 783 802 828 
using: 558 607 802 
dvd": 628 
reviewer: 296 
dvd!: 17 
conjured: 402 
$: 365 
hated: 274 
admission: 91 
shape,: 163 
pristine,: 889 
excited: 135 240 418 498 891 
surprised: 283 809 
complaint: 501 
format: 579 755 
dvds: 109 881 
couple: 241 332 364 475 477 
"cornbread",: 409 844 
game: 359 
clout: 705 
percussion,: 129 
bit: 99 220 594 606 611 622 665 746 851 
skeptical: 611 
/>other: 854 
oobleck: 334 
disks: 138 210 245 
collect: 320 
klf-30's,: 78 
popular: 814 
foolish: 339 
godiva: 424 
/>for: 158 222 
bracke: 342 
absolutely: 86 109 195 274 443 447 513 517 560 575 590 677 
keys,: 779 
some: 9 40 42 46 57 121 159 211 219 222 236 249 259 277 280 295 307 332 345 347 353 357 391 396 402 406 420 471 472 528 538 558 568 572 592 620 664 676 687 711 769 777 796 824 838 848 851 852 873 921 922 
back: 27 39 49 115 116 146 307 370 386 430 475 
bounce: 281 
entitled: 502 
and/or: 688 
/>video: 784 
exceeding: 327 
eh-hee,: 711 
tends: 211 
accoustic: 835 
good,: 72 369 744 794 
bd: 487 489 493 494 
be: 50 109 117 122 135 150 153 171 185 222 236 245 281 283 309 310 314 329 339 358 378 398 399 405 410 420 453 458 461 472 486 495 500 522 532 556 560 562 574 576 593 602 606 612 617 624 626 629 685 698 704 715 728 741 743 748 766 776 783 867 877 880 890 893 905 910 
example,: 907 
confidence: 885 
unenthusiastic: 134 
step: 40 159 307 
reyonlds: 842 
tripping: 274 327 
shine: 220 
deserved: 27 
/>aspect: 98 
deserves: 61 
range: 45 896 
96kz/24-bit: 431 
germany: 691 
classics: 219 711 825 826 
wanna: 313 
seeing: 598 
rs-8's): 700 
colorado: 918 
into: 64 65 105 135 214 276 332 356 397 558 585 596 676 711 769 844 907 908 
within: 595 
shed: 481 
primarily: 266 463 
dylan,: 283 
impressed: 133 164 
"eh: 409 410 500 
rows: 809 
spending: 339 
question: 583 
original;: 332 
long: 209 401 479 521 570 659 914 
"cornbread": 200 
camera: 385 526 547 623 833 922 
forward: 132 
(well,: 680 
bored: 220 878 
relaxed: 687 
retina: 668 
hoped: 555 
newer: 353 390 
hopes: 328 
graves"!: 226 
graves",: 410 
up: 11 38 51 60 130 145 172 232 240 304 319 396 401 402 413 482 582 632 636 656 748 779 875 
us: 125 126 907 
planet: 524 
true-hd: 632 
etc): 560 
similar: 452 
ordered: 770 
stripped: 579 
single: 184 588 910 
/>lpcm: 101 
6th: 684 
gainesville: 907 
backs: 304 
matching: 109 
occasional: 559 
/>main: 646 
definitely: 170 241 258 360 853 
guitars,: 89 
excellent,: 42 430 
nice: 295 487 538 596 718 729 
draw: 152 
acoustic-guitar: 857 
johnson,: 859 
understatement: 373 
strums: 560 
amazed!: 417 
prepared: 461 
replace: 486 
meaning: 154 
allowing: 52 
blah,: 313 
/>sound: 167 
springsteen: 550 
revamped: 331 
clapton<br: 550 
land: 407 
happier: 890 
practically: 664 
dvd: 31 72 93 111 119 167 170 173 192 206 234 257 259 260 311 314 317 340 344 384 415 416 417 422 427 428 509 511 550 554 563 589 590 591 593 594 596 597 601 602 613 624 625 703 710 772 778 801 825 857 859 887 921 
age: 110 
2003: 218 223 
2006: 39 
well-mastered: 898 
ends",: 410 
having: 45 219 369 587 729 851 874 
once: 19 71 132 152 218 293 296 474 518 691 735 
sometimes,: 396 
happy,: 140 
recorded: 447 
spectacular!: 883 
definition<br: 570 
enjoyable: 306 570 643 670 674 
go: 49 115 149 184 274 299 485 846 857 887 906 
magical,: 781 
/>i've: 787 
issues: 48 144 
seemed: 46 134 272 377 378 410 453 555 622 850 
(sony: 544 
graves: 44 219 
uplipting: 140 
young: 4 40 46 407 
promised,: 761 
does: 50 76 121 244 301 381 511 513 538 568 574 697 
album,: 642 
fabulous,: 806 
include: 222 406 410 842 
sent: 838 
center,: 78 
wished: 230 
mainstream: 848 
outside: 620 
"little: 404 
dmb,: 508 579 590 836 856 
genius: 327 
hall</a><br: 204 
putting: 506 875 
6010fd,: 371 
more,: 21 
drinking: 879 
entire: 150 196 546 811 817 
experiencing: 565 
button: 132 475 
try: 90 613 627 
unabriged: 208 
goodies: 58 
(1995): 679 
modified: 700 
disc's: 675 
video: 99 111 187 190 235 262 336 379 381 389 423 430 541 621 634 639 647 692 697 699 701 733 736 744 762 794 830 866 884 886 889 890 894 915 
"bartender",: 402 
odd: 211 
folk: 46 
that,: 90 419 
reviews: 322 592 887 
make,: 505 
plays: 130 307 356 408 467 742 824 
showcase: 381 538 798 802 
giving: 20 27 
probably: 19 23 229 302 347 
that": 511 
waiting: 242 630 
pristine: 336 
obvious: 785 
crush,: 40 
lutheran: 265 
maker": 330 
stuff): 420 
river,: 5 159 
believed: 576 
let: 151 239 496 703 
others: 155 220 274 465 661 714 
river': 40 
river": 182 199 844 
great: 3 32 36 39 51 54 66 67 75 92 93 96 111 115 118 120 122 135 142 161 182 185 203 211 225 230 235 254 257 259 262 298 304 309 336 364 366 385 417 428 435 436 469 547 574 603 607 620 622 623 626 638 668 672 674 676 688 692 710 711 733 738 740 766 777 807 815 823 828 835 839 851 854 862 876 879 887 900 922 
engage: 211 
talent: 308 788 909 
technical: 327 
30: 333 
titanic: 78 
"crush",: 58 
play!: 252 
3,: 339 
opinion: 219 241 348 473 522 
proof: 711 
makes: 64 219 432 473 631 662 738 749 773 780 863 
maker: 61 68 
goofball: 539 
acoustical,: 759 
ears: 908 
so:<br: 328 
expect: 591 
singing: 219 305 464 756 
staple: 407 
use: 606 
from: 43 50 66 67 74 138 156 180 204 222 223 232 263 330 331 364 365 370 378 406 442 448 468 489 498 507 546 560 669 689 768 818 846 851 854 915 918 
usa: 280 
&: 60 159 179 204 229 262 264 821 824 840 
remains: 367 
downfall: 710 
next: 138 229 396 907 
few: 41 118 135 353 407 408 409 470 739 787 
doubt: 185 342 440 442 
eagles: 802 
reynold: 171 560 
reflects: 139 
clever: 125 
resolution,: 84 
started: 480 
becomes: 65 
impress: 197 
sister: 5 
deserve: 873 
rare: 41 
reynolds:: 97 204 524 
high: 300 310 336 340 342 419 459 570 643 764 866 883 
accompanyment: 227 
this: 1 2 7 10 11 12 15 17 20 23 25 27 28 29 31 34 39 44 46 51 52 57 63 66 69 75 76 77 79 82 83 86 92 96 104 105 110 111 113 115 119 128 133 139 146 150 151 153 156 157 161 162 170 172 173 177 178 180 183 184 185 191 192 197 198 199 201 204 206 208 211 216 219 220 222 224 228 231 234 235 236 238 246 247 250 255 259 260 261 268 270 275 276 277 283 287 290 292 296 302 311 325 328 330 332 336 337 341 342 345 348 356 358 363 365 366 372 381 382 384 399 400 401 410 418 423 428 429 432 438 440 449 450 457 458 461 463 483 485 486 487 488 494 496 497 499 506 512 513 515 520 526 533 538 543 550 561 569 574 575 578 579 583 588 589 590 591 593 595 596 598 599 600 602 609 610 612 613 614 620 622 624 628 630 631 636 638 642 644 647 649 654 655 656 658 666 669 675 678 680 681 687 694 695 697 699 701 703 705 710 711 712 714 715 717 720 721 726 728 729 730 738 739 748 749 750 759 766 770 772 776 778 781 783 786 788 792 794 796 799 801 803 804 810 812 813 815 816 825 829 832 835 839 841 842 846 849 853 857 860 862 863 871 873 876 877 880 882 883 884 891 909 911 914 917 919 
24p,: 84 
us,: 703 
anywhere: 644 
chocolate,: 424 
treat!!: 255 
disc?: 88 
didnt: 116 
water,: 159 
distractions: 560 
far,: 660 
pieces: 148 303 
tad: 311 
reynolds': 227 
something: 148 226 261 322 425 453 554 657 907 
reynolds,: 53 133 507 612 711 
standard: 340 470 575 887 
reynolds: 13 25 27 45 56 71 112 113 125 142 157 173 179 189 193 255 284 300 312 327 336 341 358 392 432 448 496 505 508 510 511 533 534 604 614 657 675 676 688 695 727 737 740 751 760 781 782 787 811 840 851 856 862 902 913 
bartender,: 159 219 711 
solo,: 53 
sit: 116 402 554 
frankly,: 892 
uncompressed: 335 
fortunate: 846 
winners: 329 
delivery/great: 204 
"some: 263 410 500 
instead: 620 625 795 875 
mumbles: 421 
speech-: 229 
chicago),: 332 
luster: 369 
awesome,: 612 692 
attend: 911 
farm: 856 
act: 497 669 
collection: 43 191 201 222 693 728 804 877 881 
in-studio: 147 
duo's: 856 
tier: 190 
moving,: 126 
realized: 74 
gone": 410 
out,: 49 400 416 
lines: 230 
interrupted: 229 
taylor:: 550 
honestly: 419 441 747 
allow: 141 
noise,: 836 
solos: 475 604 
insight: 676 
produced: 836 909 
including: 46 345 409 859 
looks: 700 845 
wow!: 419 
perfect: 251 282 349 390 419 578 707 739 784 798 
write: 163 756 
la: 856 
nostalgic: 403 
master!: 782 
/>overall: 366 
spellbound: 196 
choose: 177 
covered: 848 
songwriting: 44 
crash: 711 
material: 9 110 391 423 639 841 921 
soldiers,: 313 
hands: 327 424 633 656 
front: 624 
realize: 194 356 
masters: 256 
slide: 616 
weather: 835 
line,: 607 
trax: 354 680 
unwind: 505 
undistorted,: 154 
(the: 562 
doing: 426 698 753 
unbelievable: 376 510 525 
variety: 909 
am<br: 564 
our: 40 44 105 106 108 109 159 182 219 226 410 436 504 505 
/>disc: 99 103 
out: 5 27 42 46 86 110 131 135 160 201 209 222 224 235 259 260 281 283 284 318 333 414 415 440 444 477 486 506 544 553 555 627 633 644 711 722 809 854 907 
system(i've: 700 
time:: 99 
amassed: 52 
time,: 861 
following,: 52 
/>first: 456 
cause: 626 
red: 271 367 679 
shut: 145 319 
completely: 186 196 
surely: 329 
awesome!: 203 
must-have: 204 
recording's: 553 
met,: 481 
mesmerized: 702 
could: 0 68 106 171 177 202 249 252 380 398 532 612 625 684 691 857 
keep: 38 130 242 476 
non-fans: 635 
(only: 457 
dvd's: 230 550 
finest: 44 647 
blown: 186 373 617 769 882 886 
third: 649 
powerful: 61 837 
owned: 132 198 
list,: 263 
blows: 125 
quality: 10 18 42 50 67 72 167 186 195 259 262 348 349 383 384 389 419 423 456 459 488 514 564 574 575 581 621 643 675 699 733 735 736 766 789 794 805 806 830 833 851 863 866 887 
rears,: 78 
amps,: 78 
doesn't: 45 220 223 374 513 734 856 
fair: 471 
start: 496 
assure: 758 
system: 79 192 434 488 581 617 618 748 802 
their: 0 44 48 94 147 150 201 285 359 393 498 502 516 598 686 695 696 716 753 769 771 822 
enough,: 409 
perfectly: 148 447 560 
songwriters: 51 
itself:: 784 
stars: 20 244 348 352 356 358 363 492 610 
big: 149 152 240 492 626 638 779 787 856 
depressing: 311 
speak,: 361 404 697 
elite: 78 895 
remember: 851 
later,: 293 
loved: 543 
ben: 859 
'african': 594 599 
bother: 793 
listeners: 52 
decided: 881 887 
loves: 163 688 810 
lover: 15 95 122 667 
referral: 666 
encore: 467 
"cornbread: 500 
partnership: 226 458 
know!": 907 
have: 2 9 10 11 15 42 51 63 64 78 111 120 133 135 152 162 178 191 195 198 209 213 220 222 226 227 230 231 244 270 293 324 325 331 333 336 339 340 345 347 348 386 392 412 417 422 436 441 443 446 452 484 488 508 509 511 521 571 573 581 586 588 598 599 609 617 649 661 674 681 693 703 719 720 723 728 748 765 785 788 794 795 804 813 869 871 881 903 909 
need: 264 307 486 726 734 
clearly: 420 581 
/>my: 143 374 
d+t: 338 
afraid: 593 
4000: 78 
babel: 237 
botti: 493 
able: 122 
purchasing: 583 783 
mix: 90 336 578 606 607 608 
which: 53 125 222 314 408 409 475 
tracklist: 337 
soar: 851 
/>extras:: 784 
terrible,: 132 735 
quality!<br: 111 
high-def: 892 
eight: 231 
ht: 488 893 
'crash',: 852 
tract,: 910 
why: 27 152 302 356 530 720 
stereo: 419 443 632 791 
intesity: 232 
upset: 325 
face: 652 
looked: 622 626 
you'll: 19 128 283 656 728 759 771 840 
talk: 539 568 660 686 
nailed: 794 
wounded: 316 318 
setting),: 410 
"great: 628 
inane: 237 
fact: 114 368 369 
atmosphere: 596 687 772 
selection: 352 405 511 884 
wonderful,: 175 387 
one,: 51 332 
anyway: 626 
/>although: 546 
purely: 403 892 
gravedigger: 49 
mean,: 286 
soldiers: 504 
rough: 872 
one;: 153 
debate: 438 
one: 11 12 27 47 51 75 90 96 120 128 138 156 161 162 167 172 180 182 184 201 224 226 229 230 231 246 295 296 338 356 400 407 429 436 440 486 498 509 513 554 558 581 594 647 665 671 673 675 689 731 741 742 804 809 825 840 860 871 875 920 
generation,: 75 
talented,: 334 
filmed: 459 526 
2304kbps: 102 
sensational!: 111 
should: 172 280 314 399 795 853 877 904 
jam: 587 
notes: 380 
years,: 880 
piano: 0 47 203 362 555 559 
/>but: 837 
hope: 285 318 439 500 507 732 
regularly: 409 
'out: 852 
version's: 797 
aquos: 107 586 
listened: 135 918 
watching: 425 479 482 589 788 
beat: 130 
familiar: 65 845 
overall: 74 136 148 150 215 361 849 853 883 922 
lucky: 103 115 338 
perfection: 781 
words: 520 771 
bluray: 192 245 692 693 726 804 
lossless: 336 419 489 607 
areas: 806 
finest,: 504 
ended: 482 
talking": 517 
talking!: 239 
stuff: 9 28 90 268 271 353 856 869 
she: 373 811 
amazing!: 632 
tunes: 229 284 
won't: 672 748 756 766 858 905 
amazing,: 526 811 833 
"play: 907 
generations: 436 
guessing: 214 
netflix,: 689 
acousic: 858 
/>the: 330 379 388 419 699 755 843 845 
edition: 786 
junkie,: 868 
once,: 0 203 
recently: 371 451 544 
guitarest: 26 
end,: 77 
closer: 744 
/>very: 165 570 
/>tim: 142 307 
placed: 402 
young's: 199 245 
complementary: 148 
bias: 765 
superb: 433 623 703 762 789 830 
'songs: 230 
written: 292 380 
/>-: 550 
crude: 333 
rendition: 40 61 671 
frustrated: 554 
dave!!!: 725 
bought: 104 183 292 416 543 544 594 649 689 717 795 892 
ability: 650 742 
superior: 340 
importance: 396 
recorded): 468 
avid: 493 
job: 36 324 381 432 
problem: 73 
david: 550 
favorites,: 5 182 500 
career: 50 
equal: 404 
distracting,: 597 
/>others:: 784 
etc: 526 
admit: 21 241 345 537 611 868 
busted: 268 
distracting;: 594 
/>a: 111 169 437 564 
otherwise: 249 
comment: 21 513 517 
devil": 263 500 
cd: 1 7 10 12 19 23 25 39 42 57 75 113 114 132 135 158 178 184 198 199 203 246 265 301 302 366 402 543 599 601 664 676 761 770 795 797 813 816 886 909 911 914 917 919 921 
*should*: 314 
laugh: 676 
together!: 202 
theater<br: 550 
24-bit<br: 102 
addition: 528 
"dave: 211 279 
copies: 689 
encores): 467 
treat: 39 395 598 669 
/>with: 647 
reynold's: 39 
rich,: 167 
senses: 285 
general: 715 
releasing: 414 
crappy: 80 391 
angles: 623 833 
consecutive: 844 
fellow: 39 
digger: 30 
wordy,: 594 
7-8: 365 
unlike: 345 
value: 363 743 
will: 17 21 87 109 117 140 141 153 173 184 245 330 340 345 394 450 486 500 617 629 651 652 654 659 678 706 715 758 776 783 808 845 867 
stunning: 541 647 675 884 
klipsch: 78 
owns: 458 
wild: 135 
sister,: 41 125 
almost: 3 60 139 220 458 491 589 591 744 864 895 906 
demo: 372 639 804 893 
surprisingly: 516 
avr: 374 
hardware: 235 
politics: 90 
set!: 34 
solo-acoustic: 856 
though,: 237 
member: 148 
matthew: 112 346 
parts: 259 
inch: 78 457 586 764 
gets: 143 356 488 650 
/>dave: 168 566 
injured: 504 
3-2-1: 618 
picture,: 336 
/>picture: 570 
group<br: 550 
rightfully: 648 
drink: 159 
transformational: 589 
krall<br: 550 
frequently: 804 
expand: 881 
pull: 664 
off: 242 456 481 496 592 682 
center: 624 
i: 2 6 8 10 11 12 17 21 28 34 35 46 53 67 73 74 76 78 79 81 82 83 90 92 104 115 132 133 135 151 152 153 156 157 159 161 163 170 174 177 183 185 186 192 195 196 198 201 226 227 231 234 241 242 247 248 249 264 266 268 270 271 274 278 281 285 286 288 290 291 292 293 296 297 310 313 316 318 320 322 323 324 325 329 330 331 333 343 345 347 348 354 355 356 359 362 365 370 371 372 386 387 392 396 399 401 402 410 412 413 414 415 416 417 419 420 424 425 436 439 446 449 451 452 454 455 457 470 472 476 478 480 481 482 483 486 492 493 494 496 498 499 500 503 505 507 508 509 511 512 521 531 532 535 537 543 544 545 546 549 550 551 554 555 558 561 563 564 565 579 586 587 588 590 591 592 593 594 601 602 608 611 612 624 636 638 640 641 642 649 675 684 689 691 701 702 710 711 713 714 731 732 738 747 751 753 761 765 767 768 769 770 772 794 795 798 801 802 804 813 816 820 828 829 834 851 861 869 872 873 874 880 881 882 886 887 888 891 892 894 903 906 908 910 918 919 
suburbans: 285 
49: 870 
well: 67 72 92 128 189 304 307 348 350 381 407 427 463 470 490 516 539 561 603 604 608 630 632 658 772 793 841 845 848 886 892 
thought: 67 323 329 387 400 587 593 777 853 880 
/>: 614 621 628 873 876 
sets: 575 673 
ht-ss2000: 109 
audio: 167 342 344 381 422 423 430 431 462 463 468 489 548 575 634 639 653 660 675 683 692 699 700 733 735 746 747 762 784 794 797 798 800 803 830 866 883 884 889 892 897 915 
drawing: 46 
only': 230 
45: 480 
less: 20 27 473 
skill: 742 756 
unplugged: 567 
innocent,: 514 
likes: 816 
setup,: 420 
hd-dud: 648 
price,: 303 
size:: 99 
day: 416 
hee": 500 
heard!!: 226 
add: 201 578 693 
incarnations: 63 
fate: 503 
checking: 854 
room,: 682 
mistake,: 236 
90s,: 331 
know: 27 96 158 161 286 347 365 424 472 561 571 820 872 
immediately: 402 666 
/>you: 337 776 
3-d: 895 
like: 16 25 40 51 52 122 148 149 156 162 167 178 191 219 220 259 281 283 300 303 306 316 327 334 341 345 359 388 396 410 418 420 421 429 450 473 539 553 555 564 579 606 615 619 620 622 641 663 678 682 686 700 711 719 737 742 758 759 771 819 864 889 910 911 
"two: 58 232 808 
ring: 849 
guthrie's: 407 
(or: 281 458 
lose: 44 369 
become: 64 74 246 556 
soft: 605 853 
lends: 716 
simple,: 726 837 
worth,: 87 
because: 20 29 149 244 324 396 504 570 593 598 665 873 892 
smoothly: 42 
searching: 132 
alive: 701 
past,: 222 
home: 68 109 372 441 691 734 798 
peter: 342 
recognition: 650 
before,: 534 
"what: 386 
projector,: 78 
blue-ray: 172 320 
demonstrates: 539 
well!<br: 357 
(main: 99 
clean,: 154 
passion: 585 788 
screwed: 125 
feeing: 310 
noise: 21 22 333 861 
reaching: 281 
stuff,: 353 391 406 
bathroom: 230 
poignant: 49 
benefit: 316 
although: 75 332 
disappointed!: 766 
stage: 94 122 233 889 
480p: 625 
in,: 682 
about: 0 11 21 90 125 144 153 158 161 231 273 279 280 292 293 313 333 342 397 400 438 453 501 505 511 552 554 560 561 571 583 592 594 611 612 660 672 686 698 756 822 891 
actual: 27 28 577 
beef: 143 174 
getting: 438 554 672 
duo: 498 674 777 
shipping: 690 
seager: 550 
on-stage: 147 
epitomize: 584 
480i: 340 
documentary: 480 482 483 827 
unreleased: 409 
own: 67 81 82 123 125 139 167 172 268 345 354 404 408 423 428 437 443 495 545 550 563 588 602 675 714 726 772 859 
previously: 767 
creativity: 657 696 
chris: 493 
doesnt: 785 
times,: 135 497 546 597 
artists: 109 309 426 909 
is,check: 711 
portrayed,: 94 
significantly: 735 
legends: 307 
beacon: 550 562 
noticed: 420 
biggest: 237 
place,: 141 
/>there: 50 407 475 
"crash: 844 908 
buy: 19 265 339 345 399 400 415 483 529 573 593 635 728 730 857 904 
i've: 217 231 240 290 342 393 398 419 431 497 539 541 548 557 577 597 657 660 701 739 747 777 782 787 820 869 870 878 
eluded: 497 
brand: 401 
but: 7 9 36 60 61 83 90 129 132 146 150 159 160 161 181 196 202 219 224 230 242 249 253 259 275 281 295 297 301 307 309 336 346 353 355 358 360 361 364 387 394 404 416 417 420 424 425 430 436 453 457 473 474 476 483 494 497 504 514 532 534 537 538 556 564 570 581 590 594 597 605 610 625 631 638 660 668 714 740 743 747 758 766 772 782 785 792 794 803 811 812 851 853 855 857 876 898 910 922 
"down: 182 199 844 
reminds: 911 
/>this: 184 321 405 447 489 509 828 
highest: 195 328 
two-disc: 1 
hd: 190 344 418 423 625 734 736 764 803 881 
he: 26 33 39 44 52 64 65 76 90 121 125 157 211 223 277 280 281 296 307 358 395 397 420 421 474 502 511 513 538 540 594 622 714 752 773 782 811 815 831 907 909 
dmb: 14 15 16 33 43 92 123 149 198 201 222 236 240 247 270 331 364 406 409 443 451 452 500 507 588 642 674 688 765 812 835 848 854 906 
made: 21 42 171 369 410 509 574 788 
glory: 404 
whether: 51 53 153 
wish: 34 90 174 295 710 738 
this-: 712 
this,: 19 488 514 522 837 
record: 76 268 270 275 
happened??<br: 328 
converted: 625 
stories: 315 395 528 640 687 822 831 
cake: 743 
demonstrate: 408 
/>#photo: 103 
piece: 300 403 458 
minutes: 103 229 333 479 
display: 668 
station<br: 550 
lws/busted: 406 
beats: 679 
"so: 775 
"safe": 285 
eric: 550 
compared: 220 420 666 
incredible: 89 137 154 200 226 289 505 578 634 675 755 
46: 103 827 
twacked: 259 
guitarist: 39 189 535 604 727 
42: 586 
detail: 577 805 806 
40: 10 
surreal: 214 
other: 9 48 63 90 109 144 161 251 302 317 848 915 
special: 161 166 338 424 
sick: 132 
toured: 909 
incredibly: 540 561 831 
star: 77 348 684 
again,: 494 
lillywhite: 353 
astounding: 179 
stay: 5 40 
wallow: 141 
chance: 732 
death!: 668 
kinda: 238 
friends: 197 413 416 879 
kdl-40w3000: 544 
"informal",: 822 
samsung: 371 
ranks: 11 
transports: 558 
detail,: 864 
strings: 45 809 
extras: 427 
musicians!: 770 
"the: 330 342 397 
